Protein	Length	0	0	0	1	1	1
AT5G50250.1	1	0	0	0	1	0	6
AT1G23100.1	1	0	0	0	0	0	2
AT1G50480.1	1	0	5	5	7	7	7
AT2G06050.1	1	0	0	0	0	1	1
AT4G09000.1	1	11.9	22.3	15.4	15.6	8.3	15.8
AT1G22300.1	1	3	2	4	3	3.1	7.2
AT5G65430.1	1	2	3	6.1	0	0	0
AT5G10450.1	1	2	9	3.1	8	10.5	12
AT2G42590.1	1	5.2	0	7	1	4.2	3.2
AT3G02520.1	1	3.7	2.8	1.4	1.9	0	3.2
AT1G78300.1	1	8.4	7	6.6	6.5	6.9	7.9
AT1G35160.1	1	2.4	2.8	5.9	2.6	4.1	1.6
AT5G38480.1	1	15.5	14.3	16.6	4.1	14.1	12.6
AT5G16050.1	1	12.9	14.7	9.9	13.2	12.7	6.5
AT1G05010.1	1	0	0	4	0	0	0
AT1G62380.1	1	0	0	0	0	3	6
AT5G62790.1	1	2	3	5	5	4	8
AT4G34350.1	1	0	1	0	0	4	4
AT4G34920.1	1	2	0	2	0	2	2
AT3G08590.1	1	0	1.7	2.5	0	8.7	5.5
AT5G35590.1	1	0	0	3	0	0	3
sum62	1	6	0	4	8	7	11
AT3G22110.1	1	3	2	4	4	2	3
sum72	1	6	10	9	9	9	12
AT1G53850.1	1	0	0	0	0	0	4.7
AT3G14290.1	1	0	0	0	3	5	2.3
sum64	1	8	4	6	6	6	4
AT2G27020.1	1	0	0	1	0	3	5
AT4G31300.1	1	2	2	4	4	2	4
AT1G21720.1	1	1	0	10	0	11	0
AT3G22630.1	1	0	0	3	0	1	1
AT4G14800.1	1	4	0	3	0	1	2
sum55	1	0	0	0	0	0	6
AT3G60820.1	1	2	2	4	4	7	6
AT1G56450.1	1	1	3	5	6	10	7
AT5G19750.1	1	1	0	1	0	3	2
AT1G53750.1	1	0	0	1	0	3	0
AT5G58290.1	1	1	4	1	2	1.3	2.4
sum48	1	4	7	6	0	7.5	8.6
sum88	1	4	0	6	3	4.2	13
AT5G23540.1	1	2	2	3	2	3	3
AT1G64520.1	1	3	1	3	3	4	6
sum115	1	4	5	15	11	17	22
AT2G32730.1	1	0	4	4	4	8	10
AT5G09900.1	1	3	1	2	0	0	3
AT1G29150.1	1	0	0	0	0	2	0
AT4G24820.1	1	2	0	1	1	3	2
AT1G20200.1	1	1	0	0	2	3	0
AT1G63970.1	1	2	0	1	2	2	1
AT3G11630.1	1	16	17.6	13.5	42.3	39.6	26
AT5G06290.1	1	10	19.4	13.5	24.7	13.4	21
AT4G39980.1	1	0	0	0	0	1.3	1.1
AT4G33510.1	1	6	5	4	6	7.7	13.7
AT5G23010.1	1	2	3	0	0	0	4
AT1G18500.1	1	6	6	5	4.5	7	8.5
AT1G74040.1	1	0	0	5	4.5	14	8.5
AT3G55410.1	1	1	2	3	8	2	6
AT5G12860.1	1	0	0	2	0	1	0
AT5G64290.1	1	1	0	2	0	1	1
AT2G25450.1	1	0	1	1	0	0	0
sum94	1	16	23	19	17	15	18
AT5G18660.1	1	1	3	11	5	11	8
AT5G30510.1	1	7	7	10	9	15	8
AT3G13120.1	1	2	2	3	2	5	2
ATCG00750.1	1	4	1	4	6	5	4
AT5G14320.2	1	7	8	11	10	20	12
ATCG00330.1	1	6	2	1	7	2	1
ATCG01120.1	1	6	8	6	7	14	16
AT4G34620.1	1	16	13	12	14	11	10
AT1G79850.1	1	1	4	5	5	5	1
ATCG00650.1	1	4	1	4	3	5	4
ATCG00820.1	1	5	3	4	1	14	7
ATCG00160.1	1	7	4	1	8	4	8
AT3G15190.1	1	8	5	15	12	16	11
ATCG00800.1	1	6	2	8	8	11	11
ATCG00380.1	1	10	0	15	9	14	19
AT2G33800.1	1	5	7	10	7	9	9
AT1G64510.1	1	0	1	2	0	2	2
sum73	1	6	3	11	6	17	6
ATCG00770.1	1	10	11	11	10	18	19
AT1G74970.1	1	9	8	5	5	11	9
AT3G03710.1	1	2	3	5	11	9	13
AT2G37660.1	1	20	12	19	34	26	27
AT1G31180.1	1	0	0	0	0	0	3
AT1G80560.1	1	0	0	0	4.5	0	9
AT5G14200.1	1	0	8	14	4.5	10	0
AT2G43100.1	1	0	0	0	0	1	1
AT2G33150.1	1	2	2	3	2	2	4
AT1G62640.1	1	0	0	1	0	1	1
sum71	1	0	0	0	0	0	7
AT3G11940.1	1	18.4	12.7	10.5	26.3	16.5	12.5
sum81	1	3	0	7	0	6	9
AT5G41520.1	1	5	3	6	2	9	2
sum23	1	3	0	0	3	4	0
AT1G15930.1	1	3	2	7.1	3	6.2	5.3
AT2G32060.1	1	3	2	2.9	3	2.8	3.7
sum60	1	9	0	12	3	19	8
AT2G36160.1	1	5	0	4.3	4.8	4.3	6.1
AT3G11510.1	1	8	10	4.3	7.2	6.4	12.2
AT3G52580.1	1	0	0	4.3	0	4.3	1.7
sum59	1	19	15	20	16	24	25
sum19	1	6	3	11	4	10	8
AT2G09990.1	1	3.3	2.5	1.9	0	7	6
AT5G18380.1	1	6.7	2.5	18.1	10	11	4
sum13	1	9.6	14.8	11.2	10.4	9.2	11.2
sum17	1	21.9	9.9	31.8	21.9	30	18.9
sum110	1	6.7	8.4	9.3	7.3	8	3.2
AT3G02080.1	1	4.3	2.7	5.8	3.7	8	9.8
AT2G41840.1	1	14.2	12.1	11.2	12	11	9
sum12	1	2.8	4.8	2	3.2	0	0
sum114	1	4.2	10	4.6	5.4	4.8	5.2
AT3G47370.1	1	2.8	0	1.5	2.7	3.2	1.8
sum53	1	0	0	0	0	0	5
AT3G04920.1	1	7.5	3	11	4	10	8
AT5G28060.1	1	2.5	3	6	0	0	8
AT2G21580.1	1	2.2	3.3	2.7	4.8	4.3	2.5
AT4G39200.1	1	7.8	6.7	5.3	7.2	10.7	7.5
sum16	1	4	0	12	0	8.1	3.9
sum104	1	11.2	0	0	3	7.2	10.4
AT5G47930.1	1	1.9	5	4	3	1.8	2.6
AT5G64140.1	1	0	2	0	3	0	0
AT2G31610.1	1	16	15.1	16.5	14	16.8	15
AT3G53870.1	1	0	0	2.8	0	0	5
AT5G35530.1	1	0	1.9	5.7	0	7.2	0
sum24	1	8.1	0	3	0	6.9	3.9
AT3G04840.1	1	9.2	11.7	11	8.8	10.8	5.8
AT4G34670.1	1	5.8	2.3	0	1.3	2.2	1.2
sum27	1	17	6	19	14	24	14
AT2G37270.1	1	9.6	7.3	10.5	2.7	9.5	6.5
AT4G31700.1	1	8.7	10	8	7	5	9
AT5G10360.1	1	4.3	0	0	0	0	0
AT1G48830.1	1	8	1	7	2	8	8
AT3G02560.1	1	2.5	2.4	2.9	0	0	2.7
AT5G16130.1	1	11.5	9.6	17.1	8	6	3.3
AT5G20290.1	1	26	8	19	19	20	27
AT5G15200.1	1	21	10	15	9	20	19
AT1G72370.1	1	13	10	24	14	16	16
AT2G02500.1	1	1	0	0	0	4	0
AT5G60600.1	1	5	12	15	37	33	45
AT3G14990.1	1	0	0	0	0	2	2
AT3G63490.1	1	16	18	22	15	23	22
AT5G13510.1	1	16	18	22	18	18	18
AT1G32990.1	1	11	5	16	13	22	13
sum79	1	4	7	12	4	11	16
AT1G78630.1	1	5	12	13	8	9	4
ATCG00780.1	1	8	8	13	7	13	12
AT3G25920.1	1	8	4	12	11	9	11
ATCG00790.1	1	7	14	18	12	8	8
AT3G54210.1	1	3	2	2	5	11	2
AT1G48350.1	1	3	4	5	6	5	5
AT5G47190.1	1	2.5	4	8	6	8.7	1
AT4G17560.1	1	2.5	0	0	2	3.3	2
sum84	1	20	18	12	14	18	12
ATCG00660.1	1	5	3	3	2	6	6
AT1G35680.1	1	3	4	23	8	8	9
ATCG00810.1	1	3	7	9	3	14	5
sum40	1	0	0	0	0	7	5
AT5G54600.1	1	4	6	15	6	7	6
AT5G40950.1	1	10	8	11	7	10	9
AT2G33450.1	1	7	2	3	2	7	5
AT5G65220.1	1	11	13	7	11	10	11
AT2G43030.1	1	8	7	16	11	8	13
AT1G75350.1	1	11	9	6	5	8	12
ATCG00640.1	1	0	0	0	0	2	0
AT2G24090.1	1	4	4	2	2	2	4
AT1G07320.1	1	9	6	9	12	16	15
AT4G01310.1	1	14	2	19	15	16	22
AT1G05190.1	1	20	11	26	16	39	19
AT3G44890.1	1	21	15	27	12	17	17
AT1G62180.1	1	2	2	1	0	2	0
AT5G17920.1	1	92.7	110.8	130.4	106.6	110.9	115.2
AT4G38800.1	1	5	4	0	0	0	2
AT5G48960.1	1	0	0	0	2	0	2
AT2G44050.1	1	0	0	0	0	8	0
sum47	1	4	0	6	7	9	4
AT3G09200.1	1	18	16	20.9	12	24	30
AT3G11250.1	1	0	2	2.1	0	0	0
AT1G01100.1	1	9.2	12.7	0	5	7	10
AT4G00810.1	1	8	3	4	2	4	3
AT5G47700.1	1	4.8	1.3	7	3	0	0
AT2G27720.1	1	9.5	8.7	9.1	5.6	6	11.2
AT2G27710.1	1	12.5	3.3	3.9	1.4	6	5.8
AT5G57290.1	1	0	0	4	0	1	1
sum93	1	0	0	0	2.4	0	4.6
sum32	1	3.9	0	3	3.9	3.9	3.9
AT2G27530.1	1	1	2	0	4.7	3	4.5
sum10	1	9.2	4	15.2	10	7.2	7.2
sum18	1	14	7	9	12	13	11.9
AT3G49010.1	1	7	0	6	5	8	7
AT3G07110.1	1	4	0	4	0	7	6.5
AT3G24830.1	1	6	0	4	5	5	10.5
sum121	1	12	9	7	10	10	7
sum44	1	4	3	4	6	4	7
sum82	1	0	0	4	4	8	13
AT3G05590.1	1	4.3	0	3.5	0	5.2	0
AT5G27850.1	1	8.7	8	3.5	13	7.8	12
AT2G34480.1	1	11	4	5	10	9	11
AT1G02780.1	1	3	1	2	2	5	4
sum8	1	5.2	0	3.2	2	6	8
AT5G27770.1	1	4.9	1	5.9	3.4	6.7	5
AT3G05560.1	1	6.1	3	7.1	4.6	5.3	5
sum29	1	3	3	0	3.9	6	3
sum39	1	5	0	6	0	7	0
AT3G49910.1	1	12	8	10	12	13	9
sum105	1	5	0	5	5	3	4
sum109	1	7	6	6	11	13	10
AT2G19730.1	1	5.1	6.3	10	1.6	8.4	5
AT4G29410.1	1	14.9	6.8	7	12.4	5.6	9
AT1G43170.1	1	8	2	2	10	8	14
sum50	1	10	4.6	11	5.6	8	9
AT1G77940.1	1	0	2.3	0	5.5	8	0
sum34	1	0	0	0	0	0	3
AT4G18100.1	1	6.4	0	6	0	5.3	4
AT5G46430.1	1	1.6	0	0	0	1.8	0
AT3G28900.1	1	2	0	2	2	2	2
sum125	1	0	0	4.6	0	3	0
AT3G09500.1	1	0	0	3.4	4	6	0
AT1G41880.1	1	0	1	1	0	0	0
sum65	1	3	0	0	0	7	7
sum36	1	14	6	4	11	10	10
AT3G09630.1	1	3.6	3.5	0	6.8	5	3.6
AT5G02870.1	1	8.4	3.5	7	8.2	5	7.4
AT3G25520.1	1	14	14	8	12	13	13
AT5G39740.1	1	0	0	4	0	2	0
sum98	1	16.6	3	7	14	12	16.6
AT1G18540.1	1	6.4	5	0	5.1	12.9	1.4
AT1G80750.1	1	0	0	0	0	2	0
AT2G01250.1	1	6.6	9	6.1	15.8	16.1	19.8
AT2G44120.1	1	0	5	3.9	4.1	4.4	4.7
AT3G13580.1	1	4.4	0	3.9	4.1	4.4	4.6
sum119	1	11	6	8	6	10	10
AT2G18020.1	1	7	4	7	8	9	7
sum111	1	18	21	28	28	23	39
AT1G52400.1	1	20	12	11	13	15	13
AT3G02360.1	1	0	5	0	0	0	0
AT4G29120.1	1	0	1	2	0	0	2
AT1G64190.1	1	0	0	2	0	1.3	0
AT5G41670.1	1	0	0	0	0	2.7	1
AT1G67680.1	1	0	0	2	0	0	0
AT3G63520.1	1	0	0	0	1	7	2
AT4G19170.1	1	1	5	1	3	6	5
AT4G25450.1	1	5	3	8	2	9	9
AT3G24190.1	1	2	4	1	4	5	2
AT1G79600.1	1	0	0	1	3	2	13
AT4G31390.1	1	0	0	4	0	1	5
AT5G64940.1	1	1	2	2	6	7	5
AT2G13540.1	1	0	0	0	0	2	0
AT1G13930.1	1	4	2	12	3	13	8
AT3G48560.1	1	0	3	1	0	8	3
AT5G10860.1	1	2	4	2	3	4	0
AT2G31810.1	1	0	0	0	0	2	2
AT5G16290.1	1	0	0	0	0	0	2
AT5G48230.1	1	3	0	3	1	3	2
AT1G36160.1	1	6	8	10	3	6	9
AT3G16910.1	1	4	2	2	2	4	3
AT5G36880.1	1	1	2	0	2	2	0
AT1G80600.1	1	6	4	11	4	9	10
AT1G80410.1	1	1	0	1	4	0	0
AT5G44020.1	1	0	0	0	1	0	1
AT5G34850.1	1	1	1	0	0	0	1
AT2G23600.1	1	0	4	5	1	5	4
AT3G06650.1	1	5	0	13	0	6	7.6
AT4G35830.1	1	0	6	14.2	12.3	7.5	18.6
AT4G26970.1	1	5	6	13	6	7	12.4
AT2G05710.1	1	2	6	7.8	8.8	7.5	14
AT5G04740.1	1	0	2	0	0	3	0
sum54	1	0	1.2	0	1.4	0	0
sum92	1	10.2	9.8	11.2	7.6	9.4	13.4
AT5G09810.1	1	8.9	9	8.9	13	10.7	8.6
AT2G41740.1	1	0	2	1	1	0	6
AT3G57410.1	1	0	2	0	1	3	4
AT5G59880.1	1	7	6	13	4	6	3
AT5G59890.1	1	0	0	2	0	0	0
AT3G46000.1	1	0	1	2	2	2	2
AT3G46010.1	1	0	0	2	0	2	0
AT1G73110.1	1	0	2	1	1	3	1
AT3G05020.1	1	4	0	2	0	5	4
AT1G54630.1	1	5	2	2	0	4	4
AT1G54580.1	1	0	2	2	0	3	2
AT4G25050.1	1	5	4	0	2	2	3
AT5G22500.1	1	0	0	2	0	0	0
AT2G43710.1	1	4	4	7	4.8	8	6.4
AT3G02630.1	1	0	0	0	4.2	1	2.6
AT1G31812.1	1	0	0	0	0	2	0
AT4G16760.1	1	2	2	1	0	2	1
sum112	1	3	0	0	0	0	0
AT4G34450.1	1	7	10	25	11	12	22
AT4G01100.1	1	0	1	1	0	0	0
AT1G27450.1	1	6	6	19	8	10	12
AT3G09820.1	1	14	15	12	17	16	16
AT5G03300.1	1	2	0	0	0	0	0
AT5G35170.1	1	5	7	4	2	8	5
AT5G63400.1	1	5	5	6	9	11	8
AT4G18440.1	1	6	10	7	6	7	8
AT3G57610.1	1	1	2	1	0	4	1
AT5G42080.1	1	0	0	4	0	2	2
AT1G59610.1	1	1	3	0	0	0	0
AT5G48300.1	1	7	11	8	4	7	11
AT5G19220.1	1	16	21	15	8	12	19
sum80	1	5	0	5	0	9	0
AT2G24765.1	1	0	2	1	2	0	3
sum4	1	22.8	12.6	30.6	22.2	35.4	24.6
AT1G48410.1	1	0	0	2	0	2	2
AT5G62670.1	1	2.7	2	2	3.3	4	6.7
AT1G80660.1	1	2.5	2.7	0	1.6	0	0
AT2G35040.1	1	3	0	0	1	1	0
AT1G50200.1	1	2	4	7	6	8	12
sum42	1	34	46	48	38	39	59
AT1G17290.1	1	0	2	2	0	4	6
AT4G26860.1	1	0	0	0	0	2	0
AT4G39660.1	1	0	0	0	1	0	1
AT2G13360.1	1	25	24	26	19	33	24
AT5G22800.1	1	15	10	10	17	16	16
AT2G28800.1	1	0	1	0	0	1	0
AT5G43940.1	1	2	5	6	8	14	17
AT3G24503.1	1	0	5	1	0	2	4
AT3G48000.1	1	0	2	3	0	5	4
AT1G06690.1	1	3	3	4	4	7	6
AT1G04420.1	1	4	4	6	8	8	10
AT1G60710.1	1	0	0	0	0	0	2
AT2G27680.1	1	5	6	14	1	14	2
AT2G37790.1	1	1	0	2	0	0	2
AT5G53580.1	1	0	0	6	0	4	0
AT1G59960.1	1	2	0	0	0	0	0
sum28	1	29.4	17.8	29.8	30.2	31.2	27.5
AT5G66530.1	1	2	6	2	4	1	2
AT5G22510.1	1	0	0	0	0	2	0
AT3G25760.1	1	4.4	0	0	2	10.6	4.3
AT3G25770.1	1	6.6	4	10	5	6	8.5
AT1G13280.1	1	0	0	2	0	2.4	1.2
AT5G42650.1	1	15	19	13	21	24	31
AT1G69830.1	1	0	1	0	8	4	8
AT5G11720.1	1	0	0	0	2	4	2
AT3G56190.1	1	3	0	3	0	2	3
AT1G68560.1	1	2	1	5	4	5	6
AT2G28900.1	1	4	6	5	9	11	10
AT4G38220.1	1	0	0	4	0	3	4
AT1G11860.1	1	17	17	20	30	35	21
AT3G05350.1	1	3	3	3	8	4	8
AT4G36760.1	1	0	1	1	1	0	0
AT5G57850.1	1	1	0	2	0	4	2
AT4G33680.1	1	4	4	13	5	8	14
AT3G10350.1	1	3	0	0	2	2	2
AT1G35720.1	1	9	1	8	14	16	8
AT5G65020.1	1	3	0	1	2	0	1
AT2G38750.1	1	2	3	3	2	0	4
AT5G17990.1	1	3	1	3	4	6	3
AT4G26370.1	1	0	0	0	1	2	0
AT5G38660.1	1	6	2	10	2	9	9
AT3G10740.1	1	0	0	2	0	4	0
AT2G34040.1	1	0	0	1	0	4	2
AT2G40600.1	1	0	0	4	2	0	0
AT2G45960.1	1	14	11	14	13	14	27.7
sum46	1	0	0	0	2	0	2.6
AT5G42480.1	1	0	0	0	0	0	2
AT4G08870.1	1	7	5	10	2	6	5
AT5G10920.1	1	0	1	1	0	2	3
AT4G24830.1	1	6	9	4	6	4	8
AT4G26300.1	1	6	5	4	4	7	4
AT1G23180.1	1	0	1	0	4	0	0
AT2G22125.1	1	11	4	5	3	8	7
AT5G65010.1	1	2	5	3	3	0	5
AT4G31990.1	1	13	14	11.7	26	32	32.8
AT5G19550.1	1	4	4	4.3	3	3	4.2
AT1G31230.1	1	3	5	6	6	10	6
AT4G19710.1	1	0	0	5	2	0	1
AT3G18680.1	1	0	2	0	3	2	2
AT1G14810.1	1	6	6	16	6	15	13
AT5G60160.1	1	4	5	3	1	2	3
AT1G11910.1	1	13.5	9	16	10	14	23
AT1G62290.1	1	3.5	4	0	2	0	0
AT3G52500.1	1	0	1	0	0	0	2
AT3G54400.1	1	0	0	8	3	4	0
AT3G61820.1	1	0	0	0	0	2	0
AT5G07030.1	1	1	0	2	0	2	2
AT4G31180.1	1	0	0	3	0	2	2
AT4G17300.1	1	2	1	2	1	4	2
AT1G51680.1	1	0	3	0	0	0	0
AT3G08010.1	1	0	0	0	0	3	2
AT1G08980.1	1	0	0	1	2	3	2
AT1G18080.1	1	17.9	16.6	15.2	9.1	13.8	17.3
AT1G51690.1	1	1	0	1	0	2	2
AT2G20190.1	1	1	0	2	0	1	0
AT1G08490.1	1	0	1	1	0	0	6
AT5G28020.1	1	0	0	0	0	0	2.4
AT5G45680.1	1	1	0	4	0	1	0
AT3G51800.1	1	0	3	0	0	1	1
AT1G64550.1	1	0	3	2	2	2	2
AT5G49720.1	1	0	3	1	2	0	2
AT1G66200.1	1	6	8.6	14	8	12.6	14.2
AT4G32720.1	1	0	0	0	0	2	2
AT3G04290.1	1	0	1	2	0	0	3
AT5G55230.1	1	0	0	4	0	2	1
AT5G03630.1	1	0	3	0	0	1	1
AT3G28860.1	1	0	0	1	0	1	2
AT3G62700.1	1	2	3	3	4	6	5
AT4G04770.1	1	0	0	1	1	1	2
AT3G10670.1	1	0	0	2	0	4	6
AT2G17420.1	1	0	4	2	0	0	0
AT2G41680.1	1	5	2	0	1	4	2
sum41	1	0	0	0	0	6	6
AT1G48920.1	1	2	0	0	4	0	0
AT5G18570.1	1	0	0	0	0	2	2
AT4G00860.1	1	2	2	1	4	2	3
AT5G56680.1	1	0	0	0	0	4	1
AT3G30770.1	1	0	0	2	0	0	0
AT5G01950.1	1	0	0	1	2	1	0
AT1G09795.1	1	2	1	3	2	4	1
AT3G22890.1	1	0	3	5	3	7	5.3
AT2G21870.1	1	0	0	2	0	0	3
AT3G52300.1	1	2	3	5	3	8	6
AT5G47030.1	1	0	2	4	0	2	1
AT5G13450.1	1	2	2	13	4	5	9
AT1G51650.1	1	2	1	0	1	2	1
AT2G33040.1	1	11	16	15	19	8	18
sum116	1	31	29.6	21.4	23.4	38.6	39.8
AT2G18960.1	1	25.8	27.8	28.8	24.9	28.9	38.8
AT4G30190.1	1	15	4	22.2	11.2	16.1	2.5
AT5G57350.1	1	0	2.5	0	0	0	0
AT1G78900.1	1	56	36	56	30	49	62
AT3G49110.1	1	0	1	0	0	1.7	0
AT5G49460.1	1	5	9	13	8	12	11.4
AT1G20960.1	1	2	2	1	6	17	20
AT5G40770.1	1	4.5	2	8	8.8	18	4
AT3G19170.1	1	32	39	39	63	73	64
AT2G41530.1	1	5	8	2	6	6	8
AT5G20280.1	1	0	0	0	2	0	0
AT1G72750.1	1	0	4	2	2	2	0
AT4G03560.1	1	0	0	1	1	2	2
AT4G29670.1	1	0	0	6	1	0	0
AT5G19140.1	1	7	1	8	11	6	9
AT1G67700.1	1	5	9	16	10	13	6
AT3G07390.1	1	0	3	6	3	14	6
AT3G28940.1	1	2	2	2	0	2	0
AT5G39730.1	1	0	0	2	0	3	2
AT1G15690.1	1	22	20	21	23	23	23
AT1G54990.1	1	0	0	2	1	2	0
AT2G27860.1	1	0	2.3	5.4	0	0	2.7
AT1G08200.1	1	2	4.7	3.6	3	0	1.3
AT2G46650.1	1	0	0	0	0	2	0
AT4G27585.1	1	0	0	0	0	0	2
AT1G24020.1	1	6	6	12	4	11	6
AT1G23730.1	1	0	0	1.4	1.5	0	0
AT5G14740.2	1	77.8	68.8	48.6	72.5	53	76.5
AT1G70410.1	1	6	0	8.6	9.5	7	11
AT3G01500.1	1	73.2	66.2	84.4	80.5	74	84.5
sum56	1	6	0	0	3	3	0
AT4G17090.1	1	4	4	2	4	8	4
AT1G62660.1	1	0	0	0	0	2	2
AT3G54440.1	1	0	1	2	1	2	3
AT3G09260.1	1	2	4	2	2	3	4
AT2G22230.1	1	10	3	4	9	8.9	10
AT5G10160.1	1	0	0	0	0	6.1	0
AT1G74920.1	1	2	2	4	2	6	5
AT2G26250.1	1	2	0	0	0	0	0
AT2G26900.1	1	0	2	0	5	0	1
AT2G01690.1	1	0	2	2	0	0	1
AT5G16390.1	1	0	1	5	1	0	2
AT1G52670.1	1	2	0	0	0	1	0
AT5G35360.1	1	4	8	4	2	7	11
AT3G19710.1	1	0	0	5	0	1	0
AT3G49680.1	1	1	2	2	1	4	6
AT3G47650.1	1	0	2	0	2	0	0
AT3G12290.1	1	6	5	5	6	5	2
AT1G70810.1	1	0	0	0	0	2	0
AT5G23060.1	1	18	21	24	19	16	23
AT4G34050.1	1	5	6	3	5	1	4
AT5G44090.1	1	1	0	1	0	0	0
AT2G41560.1	1	7	6	11	5	5	13
AT2G02560.1	1	4	2	4	4	5	8
AT4G25800.1	1	0	0	0	0	0	2
AT5G61790.1	1	7	5	13	3	7	12
AT1G56340.1	1	8	5	5	5	4	5
AT1G09210.1	1	0	2	1	0	1	0
AT1G29900.1	1	20	26	37	22	24	35
AT3G62360.1	1	2	2	2	0	3	5
AT1G47260.1	1	1	0	3	4	5	2
AT5G66510.1	1	3	2	0	0	0	2
AT5G12040.1	1	4	3	6	3	2	3
AT2G38040.1	1	2	7	10	3	0	7
AT1G21440.1	1	3	0	2	0	0	2
AT4G35090.1	1	40.8	39.1	39.1	43.1	47.8	52.2
AT1G20620.1	1	50.2	28.9	24.9	43.9	50.2	47.8
AT5G11560.1	1	9	6	11	2	5	13
AT2G38270.1	1	0	0	0	4	5	10
AT4G34120.1	1	7	3	8	7	11	4
AT3G26710.1	1	13	8	18	6	17	9
AT5G36120.1	1	2	3	1	0	1	2
AT5G23040.1	1	0	0	0	0	2	0
sum26	1	17.1	16	30.1	22	21	34
AT1G05910.1	1	4	2	0	3	0	0
AT4G13010.1	1	2	0	0	0	0	1
ATCG00120.1	1	182.9	294.5	201.6	117.7	176.3	208.1
ATCG00480.1	1	297.1	371.7	287.1	189.8	246.8	225.8
AT4G09650.1	1	39	38	45	34	33	42
ATCG00470.1	1	25	26	42	16	32	19
AT4G04640.1	1	35	29	34	25	22	33
ATCG00130.1	1	63	37	53	41	52	38
AT4G32260.1	1	20	17	27	14	15	15
ATCG00140.1	1	4	11	13	12	32	29
AT5G05270.1	1	1	0	3	0	2	4
AT3G55120.1	1	0	0	4	0	6	2
AT5G06130.1	1	0	0	0	1	1	0
AT3G56940.1	1	11	9	16	17	14	11
AT3G51820.1	1	0	0	2	0	0	2
AT1G19670.1	1	4	0	2	1	5	3
AT1G09750.1	1	3	5	4	2	6	7
AT4G24770.1	1	12	14	11	16	12	16
AT3G29200.1	1	2	0	0	0	0	1
AT1G48850.1	1	1	0	0	0	0	1
AT3G19450.1	1	1	3	3	1	1	1
AT1G35580.1	1	3	0	0	0	0	0
AT1G79280.1	1	1	3	2	0	3	4
AT5G41790.1	1	0	0	0	1	4	4
AT3G56690.1	1	2	2	0	1	0	0
AT2G44350.1	1	0	1	0	0	2	6
AT4G08520.1	1	3	0	4	0	5	0
AT5G05010.1	1	10	9	15	7	11	15
sum95	1	85	68	88	77	98	121
AT1G74310.1	1	0	0	0	5	0	5.4
AT5G15450.1	1	0	5	6	11	8	21.6
AT5G50920.1	1	55.8	91.5	91.9	68.7	85.9	76.2
AT3G48870.1	1	16.2	13.5	16.1	19.3	8.1	8.8
ATCG00670.1	1	3	10	4	7	2	6
AT5G23140.1	1	0	0	0	0	2	2
AT1G66670.1	1	3	4	6	7	0	6
AT5G45390.1	1	9	11	24	20	23	33
AT1G02560.1	1	9	14	10	20	15	17
AT1G11750.1	1	17	5	18	7	12	9
AT1G49970.1	1	0	0	2	0	0	0
AT1G12410.1	1	2	2	5	0	2	1
AT1G09130.1	1	8	2	4	5	6	4
AT4G17040.1	1	7	0	6	6	4	7
AT4G25370.1	1	8	3	9	0	0	0
AT4G12060.1	1	10	6	15	0	0	0
AT4G01940.1	1	0	0	0	0	3	0
AT1G62020.1	1	4.2	0	1.4	2.7	3.5	5
AT2G21390.1	1	15.8	13	12.6	17.3	30.5	17
sum30	1	0	0	2	0	6	0
AT1G30630.1	1	1	0	4	0	0	3
AT2G39940.1	1	0	0	0	0	2	0
AT2G42540.1	1	0	0	0	2	1	2
AT2G42530.1	1	4	2	0	8	4	5
AT3G12260.1	1	0	0	3	0	3	0
AT5G51430.1	1	0	1	1	3	2	1
AT3G56240.1	1	3	6	2	4	6	3
AT1G66240.1	1	9	6	6	8	10	10
AT2G28190.1	1	2	8	15	10	11	4
AT1G03475.1	1	3	2	14	8	6	9
AT3G62410.1	1	0	0	0	0	2	0
AT2G45770.1	1	1	2	0	2	2	0
AT4G24280.1	1	15.6	26	27.1	42.5	52.1	50.1
AT5G49910.1	1	9.4	24	23.9	42.5	21.9	64.9
AT2G04030.1	1	19	22	31.2	48.6	39.2	72.2
AT2G44650.1	1	12	6	5	6	16	15
AT1G14980.1	1	0	2	2	2	2	3
AT5G20720.1	1	25	15	42	27	31	42
AT2G33210.1	1	9.3	6.5	13.7	10	13.8	16.4
AT3G13860.1	1	2	0	1	0	2	2
AT3G23990.1	1	10.7	6.5	10.3	10	26.3	24.6
AT2G28000.1	1	68	67	75	94	180	172
sum63	1	78	76.9	59.3	109.6	182.8	201.4
AT5G56500.1	1	0	4.1	4.7	8.4	33.2	13.6
AT4G01800.1	1	10	16	11	29	23	11
AT2G18710.1	1	2	0	3	2	6	4
AT2G47450.1	1	0	0	0	0	2	0
AT5G03940.1	1	1	3	6	0	3	5
AT4G26500.1	1	0	0	0	0	3	0
AT5G39210.1	1	2	2	0	0	2	2
AT4G28520.1	1	0	166	0	0	0	0
AT5G67360.1	1	1	4	0	5	4	0
AT1G78830.1	1	0	0	0	0	2	0
AT3G23490.1	1	1	2	6	4	6	5
AT3G48750.1	1	2	0	0	0	0	0
AT5G58710.1	1	0	0	2	1	2	0
AT1G13110.1	1	0	3	0	0	4	4
AT5G38450.1	1	0	2	0	0	0	0
AT3G01120.1	1	2	3	2	4	1	2
AT5G12140.1	1	6	6	4	4	6	4
AT1G47128.1	1	4	2	5	1	1	3
AT2G43750.1	1	39	34	60	27	27	40
AT3G61440.1	1	3	3	15	5	10	10
AT4G14880.1	1	36	37	37	30	34	59.6
AT5G28050.1	1	0	0	3	0	0	2
AT5G48810.1	1	3	3	3	1	0	2
AT2G24940.1	1	0	2	4	3	2	6
AT3G48890.1	1	4	0	0	2	0	0
AT5G53560.1	1	1	0	5	3	7	3
ATMG00160.1	1	2	2	0	2	0	2
AT2G47380.1	1	0	0	0	0	2	3
AT4G37830.1	1	3	0	0	0	1	0
AT3G27240.1	1	2	0	0	3	0	3
AT5G40810.1	1	2	0	0	0	0	0
AT1G31800.1	1	3	0	0	0	2	0
AT4G15110.1	1	0	0	0	0	2	0
AT4G21105.1	1	0	0	0	0	3	4
AT1G62480.1	1	0	0	0	0	2	0
AT4G34200.1	1	8	6	7	3	12.3	11
AT3G19480.1	1	0	1	3	0	3.7	0
AT2G42690.1	1	2	0	2	2	1	4
AT1G11430.1	1	6	3	10	10	14	15
AT3G08840.2	1	0	0	1	0	0	2
AT5G08610.1	1	0	0	0	3	4	1
AT5G26742.2	1	3	10	18	26	27	40
AT2G42520.1	1	0	0	3	4	0	4
AT1G59990.1	1	0	0	3	0	5	6
AT1G70070.1	1	0	0	0	3	13	13
sum66	1	0	0	0	0	0	4
AT5G35970.1	1	0	0	0	0	0	3
AT3G27925.1	1	2	1	12	0	0	3
AT2G47940.1	1	4	1	4	3	6	3
AT4G18030.1	1	0	1	3	0	1	2
AT1G29470.1	1	0	1	1	0	0	0
AT1G76180.1	1	0	0	0	0	2	0
sum122	1	20	3	34	23	19	26
AT5G16710.1	1	8	0	8	9	4	14
AT3G06350.1	1	1	1	0	0	2	1
AT2G39800.1	1	5	7	7.4	12	7.9	9.3
AT3G55610.1	1	0	0	5.6	0	3.1	4.7
AT3G16240.1	1	16	24	27	22	26	29
AT5G62530.1	1	3	3	3	2	6	4
AT1G43670.1	1	10	14	22	8	10	10
AT5G11880.1	1	0	0	0	0	0	3
AT3G53580.1	1	6	2	8	2	6	7
AT2G32520.1	1	0	0	0	0	1	2
AT3G23600.1	1	1	0	4	2	2	6
AT3G13930.1	1	3	0	4	0	6	5
AT3G11750.1	1	0	2	2	3	2	2
AT4G22930.1	1	0	1	2	0	5	0
AT3G23940.1	1	2	3	4	4	10	7
AT3G06850.1	1	0	1	0	0	0	1
AT1G62630.1	1	0	0	1	0	2	1
AT1G33590.1	1	6	4	3	10	15	13
AT2G32920.1	1	0	2	0	0	1	0
AT3G02720.1	1	1	0	0	2	4	2
AT1G53280.1	1	0	2	2	0	2	1
AT3G10690.1	1	0	0	0	1	1	0
AT1G08130.1	1	0	0	0	0	2	0
AT3G06610.1	1	0	0	0	0	1	1
AT2G45820.1	1	1	2	0	0	0	2
AT3G61260.1	1	2	1	3	0	1	4
AT1G14410.1	1	2	0	0	5	2	2
AT4G28440.1	1	2	4	4	5	6	4
AT3G04880.1	1	2	2	2	2	1	2
AT2G34860.1	1	0	1	0	0	2	2
AT1G08640.1	1	1	0	2	2	0	0
AT2G22360.1	1	0	0	1	0	0	1
AT4G39960.1	1	0	0	0	3	1	2
AT5G21430.1	1	4	2	4	2	5	4
AT1G65280.1	1	2	3	0	0	0	0
AT2G35795.1	1	3	2	0	0	5	7
AT5G66680.1	1	0	2	1	1	2	0
AT4G20260.1	1	5	0	7	3	3	7
AT3G19820.1	1	16	6	13	3	9	7
sum96	1	0	0	6	0	6	6
AT3G25860.1	1	12	11	10	8	6	7
AT4G16155.1	1	0	3	0	0	2	4.5
AT3G16950.1	1	0	0	0	0	1	1.5
AT1G48030.1	1	17.8	20	12.2	12	17.3	14
AT3G17240.1	1	4.3	4	2.8	0	4.7	0
AT4G15430.1	1	0	2	1	0	0	1
AT1G01960.1	1	2	0	0	0	4	4
AT5G35220.1	1	2	0	0	0	0	2
AT5G05740.1	1	0	0	0	0	0	3
AT4G11420.1	1	9	4	11	7	16	9
AT3G57290.1	1	4	3	2	1	2	2
AT5G36230.1	1	0	0	1	0	1	3
AT3G07480.1	1	1	0	2	3	2	1
sum14	1	45.6	51.6	75.6	42	74.4	86
AT5G12110.1	1	0	0	0	2.6	2.7	3.3
AT5G19510.1	1	6	7	4	6.4	6.7	1.7
AT1G30230.1	1	7	12	13.8	12	9.6	8
AT1G57720.1	1	8	9.2	9	1	7.6	7.4
AT1G09640.1	1	0	5.8	6	3	5.4	9.6
AT1G56070.1	1	91	115	111	117	94	112
AT3G08740.1	1	11	8	11	10	10	11
AT5G13650.1	1	6	5	14	28	29	29
AT4G02930.1	1	2	2	2	2	8	6.2
AT4G20360.1	1	72	83	84	142	141	180.8
AT5G08650.1	1	3	2	6	4	8	6
AT1G62750.1	1	43	45	60	79	80	80
AT5G01010.1	1	0	2	0	0	2	0
sum37	1	8	4	7	3	0	3
AT3G20390.1	1	14	13	13	10	13	13
AT3G12080.1	1	0	0	0	0	1	2
AT2G36530.1	1	27	27	20	35	34	25
AT2G05990.1	1	9	5	10	6	10	12
AT4G29010.1	1	2	0	2	0	2	4
AT1G32080.1	1	4	3	19	3	17	18
AT5G23890.1	1	3	0	7	4	6	13
AT5G12470.1	1	6	8	9	6	4	4
AT2G26740.1	1	0	1	0	1	0	0
AT1G30360.1	1	12	3	17	12	15	22
AT1G52760.1	1	3	1	2	0	0	1
AT2G24200.1	1	4.8	13	8	17.8	9.8	18.2
AT2G45790.1	1	2	0	2	2	2	2
AT3G60240.2	1	0	0	0	0	2	2
AT1G76810.1	1	0	0	2	3	3	5
AT2G40290.1	1	0	1	1	1	2	3
AT5G20920.1	1	2	0	5	0	0	2
AT2G05830.1	1	2	2	1	0	2	8
AT1G10840.1	1	6	0	4	0	2	4
AT4G33250.1	1	0	0	2	0	1	2
AT2G46280.1	1	1	0	2	1	0	0
AT2G39990.1	1	11	7	8	4	14	11
AT3G56150.1	1	5	1	5	15	12	5
AT5G27640.1	1	0	1	4	3	0	2
AT3G11400.1	1	0	0	0	0	2	4
sum33	1	28	28	29.1	24.1	27	39
AT5G57870.1	1	2	4	11	9	7	11
AT1G26630.1	1	5	11	2	4	3	8
AT4G27130.1	1	0	0	0	2	0	0
AT5G54760.1	1	0	0	1	1	3	0
AT1G03220.1	1	2	4	2	5	3	6
AT1G03230.1	1	0	0	0	1	0	3
AT4G36400.1	1	0	0	0	0	0	2
AT5G55730.1	1	8	8	4	5	3	5
AT2G04780.1	1	4	0	2	0	0	2
AT2G45470.1	1	9	10	15	16	26	22
AT5G44130.1	1	0	0	0	0	1	2
AT4G30950.1	1	0	0	0	0	1	1
AT4G14890.1	1	0	1	2	0	0	0
AT2G41220.1	1	1.1	1.1	0	0	0	0
AT5G04140.1	1	139.9	133.9	188	184	183	241
AT5G01600.1	1	0	0	0	2	3	3
AT3G56090.1	1	0	0	0	2	2	1
AT2G30390.1	1	0	0	2	0	2	2
AT1G51110.1	1	2	0	0	2	1	4
AT4G04020.1	1	8	10.6	13	29.1	40.2	22.3
AT4G22240.1	1	6	2.4	0	18.9	20.8	13.7
AT2G35490.1	1	2	0	3	8	8	6
AT3G26070.1	1	2	0	7	3	11	5
AT3G23400.1	1	18	7	10	14	17	21
AT5G19940.1	1	7	15	4	11	16	16
AT3G58010.1	1	0	0	0	1	1	1
AT2G42130.3	1	6	6	8	8	15	15
AT2G46910.1	1	0	0	0	3	0	4
AT1G18060.1	1	5	6	5	1	6	3
AT5G64350.1	1	2	3	3	3	5	0
AT2G43560.1	1	2	0	3	0	7	1
AT1G03870.1	1	1	2	0	0	0	0
AT1G32220.1	1	0	0	0	1	0	6
AT2G34460.1	1	2	4	0	2	2	2
AT5G54500.1	1	1	0	10	3	7	12
AT3G14110.1	1	2	2	6	4	3	3
AT5G66190.1	1	42.6	36.1	36.3	38.2	42.9	44.3
AT1G20020.1	1	23.4	27.9	27.7	25.8	26.1	32.7
AT5G14780.1	1	1	0	2	3	2	11
AT1G74260.1	1	12	13	12	11	12	13
AT3G54050.1	1	22	30	34	32	19	22
AT4G26530.1	1	10.6	10.2	14.2	13.9	7.8	13.5
AT2G21330.1	1	38.9	34.1	43.1	39.4	39.1	38.2
AT4G38970.1	1	55.1	45.9	74.9	71.6	44.9	84.8
AT2G01140.1	1	2	0	5	0	1	0
AT1G50250.1	1	0	6.9	12	3.9	5	4
AT1G79560.1	1	0	0	0	0	1	1
AT2G30950.1	1	38	43.5	52.8	39	42.3	56
AT2G29080.1	1	1	0	2	1	1	5
AT5G42270.1	1	63	45.1	48	43.1	58	44
AT1G06430.1	1	0	3.5	2.2	0	4.7	0
AT2G36250.1	1	0	0	2	2	3	4
AT3G52750.1	1	0	0	2	0	0	2
AT2G47510.1	1	1	1	0	0	0	2
AT1G12050.1	1	0	0	0	0	1	2
AT1G03160.1	1	0	0	0	1	1	2
AT3G27300.1	1	1	0	0	0	1	0
AT5G40390.1	1	0	0	0	1	1	1
AT2G36830.1	1	1	1	1	0	2	10
AT3G26520.1	1	6	8	6	7	6	8
AT3G22200.1	1	5	4	5	0	4	8
AT1G78680.1	1	2	3	1	1	0	1
AT4G23100.1	1	2	7	3	0	5	9
AT2G39020.1	1	0	0	0	0	1	1
AT5G13780.1	1	2	0	2	0	0	0
AT5G28840.1	1	5	5	6	6	4	10
AT1G29660.1	1	12	10	7	9	8	6
AT1G29670.1	1	20	13	19	18	14	11
AT3G16370.1	1	0	0	4	0	0	0
AT1G17890.1	1	1	1	0	0	0	0
AT4G36810.1	1	6	7	9	1	2	4
AT4G38460.1	1	4	0	0	1	0	0
AT1G74470.1	1	12	18	15	15	15	25
AT1G72610.1	1	0	4	1	2	0	0
AT5G20630.1	1	3	3	5	13	9	2
AT5G38940.1	1	2	0	0	1	2	2
sum76	1	2.6	1.4	0	2.6	3.8	1.6
AT5G35790.1	1	1	1	0	2	2	0
AT4G24620.1	1	3	11	3	8	16	10
AT5G42740.1	1	7	8	3	4	6	3
AT2G13440.1	1	0	0	0	2	3	0
AT1G65960.2	1	4	4	4	4	3	11
AT5G63570.1	1	16.6	20.7	18	35.6	19.7	15.5
AT3G48730.1	1	12.4	19.3	18	23.5	22.3	17.5
AT5G35630.1	1	41	99	50	48	45.9	49.8
AT5G64050.1	1	1	0	1	0	4	1
AT4G30530.1	1	0	0	1	0	0	3
AT3G17820.1	1	2	2.4	2	3	2.2	3
AT5G37600.1	1	0	0	1	1	3.3	0
AT5G03880.1	1	0	4	3	1	0	3
AT3G54900.1	1	1	0	2	2	3	4
AT4G28730.1	1	0	0	2	0	1	0
AT2G20270.1	1	4	3	8	4	3	3
AT5G20500.1	1	0	1	1	0	2	0
AT5G40370.1	1	4	5	4	4	11	17
AT5G63030.1	1	1	0	0	1	2	0
AT2G25080.1	1	11	4	17	9	10.5	15
AT2G31570.1	1	1	2	2	2	4.4	4
AT4G11600.1	1	2	4	4	4	5.1	2
AT1G02930.1	1	2	0	4	1	5	7
AT2G29450.1	1	0	0	0	4	8	9
AT1G10370.1	1	3	0	2	3	1	4
AT3G43800.1	1	0	0	0	0	0	2
AT2G30860.1	1	23	25	28	22	23	28
AT1G27130.1	1	4	2	2	0	2	2
AT1G59700.1	1	0	0	0	0	0	3
AT1G78370.1	1	19	18	36	14	20	24
AT1G78380.1	1	12	6	26	11	15	16
AT2G47730.1	1	8	7	29	14	16	21.7
AT4G02520.1	1	14	14	17	18	19	31.3
AT2G30870.1	1	12	4	19	11	19	19
AT3G54660.1	1	0	0	0	1	0	2
AT5G02790.1	1	3	0	4	3	7	10
AT3G55040.1	1	3	0	3	4	2	6
AT1G48520.1	1	2	1	1	4	4	6
AT3G48110.1	1	9	9	15	13	30	18
AT3G26650.1	1	102.2	97.5	74.7	46.9	55.2	55.7
AT1G12900.1	1	41.9	50.9	61.7	46.8	42.8	39.8
AT1G42970.1	1	33.9	50.6	53	50.4	67.1	52.6
sum126	1	112	90	174	112	102	115
AT1G80380.2	1	2	7	6	4	5	6
AT5G55480.1	1	10	12	10	6	13	8
AT1G66970.1	1	12	10	21.2	19	23.4	27.5
AT1G32470.1	1	6.4	8.5	13.7	7.1	9.2	8.9
AT2G35370.1	1	7.6	7.5	8.3	5.9	7.8	5.1
AT4G33010.1	1	64.8	74.6	73.6	85	56.2	59
AT2G26080.1	1	6.2	21.4	14.4	14	9.8	16
AT4G13930.1	1	7	20	14	10	16	14
AT4G37930.1	1	56	58	40	39	54	37
AT4G02450.1	1	2	4	2	1	3	0
AT4G38680.1	1	2	3	2	4	2	3
AT4G13850.1	1	1	2	2	2	4	2
AT2G21660.1	1	13.4	13.6	9.1	10.1	14.5	11.4
AT1G74230.1	1	2	0	0	0	0	0
AT4G39260.1	1	3.6	2.4	7.9	7.9	7.5	2.6
AT3G14415.1	1	35.9	55.5	57.3	64.1	57.1	64.4
AT3G14420.1	1	34.1	44.5	52.7	53.9	71.9	58.6
AT2G33470.1	1	1	0	3	0	0	0
sum51	1	3	0	0	0	4	3
AT3G55260.1	1	0	0	0	0	4	2
AT5G13980.1	1	1	2	2	4	4	3
AT3G26720.1	1	0	1	0	0	0	1
AT1G75680.1	1	0	0	2	0	0	0
AT1G63770.3	1	4	17	22	15	15	18
AT1G67280.1	1	7.1	8.9	7.7	11.9	10.7	11.9
AT1G08110.1	1	0	0	5	0	0	3
AT1G11840.1	1	12.9	11.1	15.3	15.1	18.3	15.1
AT3G25530.1	1	12	3	13	17	18	29
AT1G17650.1	1	9	11	8	11	12	8
AT1G29880.1	1	5	12	9	11	10	8
AT1G63660.1	1	3	2	0	2	4	2
AT5G17710.1	1	0	5	8	3	8	6
AT1G36390.1	1	0	0	0	2	0	0
AT5G11480.1	1	0	0	0	1	1	0
AT5G46070.1	1	0	0	0	1	2	2
AT4G02790.1	1	0	0	0	0	1	1
sum22	1	8.1	0	8.1	12	9	12
AT4G02080.1	1	9	0	4.3	0	5	3.8
AT3G62560.1	1	0	0	2.1	1.8	2	1.9
AT1G30580.1	1	0	2	6	6	2	7
AT1G56050.1	1	1	0	0	0	1	0
sum102	1	12.2	9.4	13.8	4	6.2	11.7
sum20	1	75	75.6	40.2	71.4	71.4	60
AT5G53850.1	1	0	0	1	2	4	2
AT5G10460.1	1	1	0	0	1	1	0
AT5G57440.1	1	2	0	2	1	0	0
AT1G56500.1	1	2	3	1	6	2	4
AT3G48420.1	1	1	0	5	0	6	4
AT4G39970.1	1	3	3	7	5	7	11
AT3G24430.1	1	0	0	0	0	3	2
AT5G23120.1	1	17	17	36	23	21	24
AT1G16720.1	1	2	0	3	3	4	6
AT2G40730.1	1	0	1	2	1	2	3
sum70	1	6.4	5.7	8.3	5	2.8	11.6
sum113	1	20	24	24	23	23	20
AT4G16660.1	1	0	3	0	0	1	4
AT5G52640.1	1	0	0	0	0	5.1	9.3
AT5G09590.1	1	0	0	0	6.4	15.7	12.9
AT2G26670.1	1	0	0	0	0	0	2
AT2G06990.1	1	0	0	0	0	0	2
AT4G29130.1	1	0	1	1	1	0	0
AT2G19860.1	1	0	2	2	0	5	3
AT3G29350.1	1	0	0	0	0	2	0
AT5G63890.2	1	2	9	6	4	4	6
AT3G02760.1	1	0	3	2	0	2	2
sum25	1	6.3	6.6	7.2	5.4	5.1	3
AT5G27670.1	1	4	0	3.3	0	3	1.6
AT5G59870.1	1	0	0	1.7	4	3	4.7
sum5	1	13.2	16.8	17	10.2	13.2	18.6
sum67	1	0	0	0	0	0	2.2
sum2	1	7.2	4	8.8	11.2	19.2	20
AT3G46100.1	1	0	1	1	2	2	0
AT5G42310.1	1	0	0	0	0	0	2
AT2G17265.1	1	4	2	2	2	4	3
AT1G42960.1	1	3	3	2	3	3	4
AT3G12580.1	1	3.2	1.2	1.9	13.7	18.5	30.7
AT3G09440.1	1	12.9	21.6	16.2	44.7	56.1	40.1
AT5G02500.1	1	46.1	55.1	62.1	50.7	31	42.4
AT4G24190.1	1	8	18	20.2	9.2	17.6	30.3
sum31	1	40	46.9	53	77.9	75	91.7
AT3G07770.1	1	0	0	2.6	2.2	2.2	4.5
AT5G38520.1	1	2	0	0	0	2	0
AT1G52510.1	1	10	7	8	9	6	9
AT4G12830.1	1	0	2	2	0	1	0
AT3G62750.1	1	0	1	0	3	4	2
AT5G08280.1	1	15	17	22	12	19	16
AT1G68010.1	1	25	24	37	35	37	37
AT2G47840.1	1	5	3	5	3	8	12
AT5G62720.1	1	0	0	1	0	0	2
AT5G16150.1	1	0	0	1	0	7	3
AT5G49030.1	1	0	0	0	3	2	0
AT4G26900.1	1	4	0	0	0	0	0
AT4G16143.1	1	0	4	5	1	2	2
AT2G46520.1	1	1	0	0	2	0	1
AT4G27640.1	1	1	1	0	3	1	0
AT5G53480.1	1	5	8	20	15	13	23
AT3G49560.1	1	0	0	0	4	4	0
AT5G09650.1	1	10	7	7	5	4	8
AT1G31190.1	1	3	0	3	0	0	0
sum124	1	0	0	0	3	0	0
AT5G62350.1	1	4	5	2	3	4	3
AT3G12930.1	1	0	0	0	3	5	0
AT5G23310.1	1	0	0	0	0	2	0
AT4G25100.1	1	7	4	11	14	12	21
AT5G51100.1	1	4	0	0	1	2	0
AT4G09020.1	1	0	0	0	2	0	0
AT4G35260.1	1	0	0	2	1	1	2
AT5G14590.1	1	0	2	0	2	2	1
AT1G77060.1	1	2	0	0	0	0	0
AT1G75280.1	1	6	5	6	0	0	4
AT4G10320.1	1	5	4	8	8	8	14
AT4G39710.1	1	5	1	3	0	0	0
AT3G60370.1	1	0	0	3	0	5	0
AT1G20810.1	1	0	2	0	0	0	0
AT1G74070.1	1	6	4	0	1	0	0
AT3G10060.1	1	4	4	7	1	0	0
AT5G13410.1	1	0	3	2	0	0	1
AT5G16440.1	1	0	0	0	1	1	0
AT3G02780.1	1	4	0	0	1	0	4
AT4G13430.1	1	4	8	8	4	9	7
AT2G43090.1	1	6	0	6	6	7	7
sum120	1	2	0	0	0	3	4
AT1G52000.1	1	0	1	2	6	5	10
AT3G16470.1	1	7	7	8	15	9	10
AT4G00630.1	1	2.7	1.8	4.2	6.7	6.7	5.2
AT1G01790.1	1	12.3	15.3	15.8	13.3	20.3	18.8
AT4G38600.1	1	0	0	0	0	0	3
AT3G07720.1	1	1	2	0	0	0	0
AT5G46290.1	1	3	5	3	5	7	9
AT3G58610.1	1	42	29	28	30	70	59
AT1G18270.1	1	0	0	2	0	3	3
AT2G25970.1	1	0	0	0	2	0	0
AT5G04430.1	1	6	4	11	2	4	6
AT4G10840.1	1	2	1	2	1	2	0
AT5G10470.1	1	7	5	7	1	11	8
AT1G77590.1	1	0	0	3	2	5	0
AT1G07890.1	1	14	13	20	25	21	20
AT4G08390.1	1	7	5	6	7	14	6
AT2G44060.1	1	3	4	9	2	7	7
AT1G01470.1	1	2	0	0	0	1	0
sum99	1	0	0	0	0	6	5
AT5G45170.1	1	2	0	1	0	2	0
AT1G33600.1	1	0	0	0	0	2	3
AT1G49750.1	1	0	0	0	3	4	0
AT3G20820.1	1	2	0	4	1	8	6
AT2G01210.1	1	4	4	15	6	8	17
AT5G53890.1	1	2	0	0	0	0	0
sum49	1	1.2	0	0	2.2	2.2	1.8
AT1G09620.1	1	11	25	21	15	16	20
AT3G02870.1	1	8	7	4	5	11	4
AT4G33670.1	1	1	1	7	0	2	0
AT3G54890.1	1	18	16	30	34	40	32
AT1G19150.1	1	3	0	1	2	2	2
AT3G61470.1	1	22	32	31	22	16	26
AT1G61520.1	1	52	32	58	51	65	52
AT3G47470.1	1	43	43	44	62	77	39
AT1G45474.1	1	0	0	4	3	5	2
sum35	1	50.4	51.3	50.4	69.2	104.5	198.2
AT2G34430.1	1	39.1	55.7	87	32.5	33.4	17.6
AT2G34420.1	1	2.5	11.2	15.2	18.9	1.4	10.6
sum21	1	77.4	40.9	56.1	51.2	34.8	49.2
AT5G54270.1	1	23.4	24.8	28.2	27.1	21.9	35.6
AT5G01530.1	1	27.5	25	35.4	33.7	55.1	56.6
AT3G08940.2	1	27.3	16	36.6	34.3	49.9	45.4
AT2G40100.1	1	5.2	2	7	2	0	2
AT4G10340.1	1	103	100	150	94	83	68
AT1G15820.1	1	31	39	49	37	42	41
AT4G17600.1	1	3	1	2	7	0	6
AT5G67050.1	1	0	0	2	0	0	0
AT4G39730.1	1	3	0	5	2	7	5
AT2G22170.1	1	0	0	0	0	2	2
AT3G47860.1	1	2	0	0	3	2	0
AT5G58070.1	1	2	0	4	4	5	4
AT3G45140.1	1	70	80	108	90	89	112
AT4G23850.1	1	0	0	0	3	3	2
AT2G38540.1	1	3	0	5	2	4	6
AT1G02910.1	1	0	0	0	0	2	2
AT5G51545.1	1	0	0	0	0	0	2
AT1G73060.1	1	10	6	7	5	4	7
AT3G08770.1	1	4	2	2	2	6	4
sum91	1	13.2	20	14.6	17.7	21.2	12.1
AT3G53130.1	1	2	0	0	0	0	0
AT1G21880.1	1	0	0	2	2	2	3
AT2G17120.1	1	0	0	0	0	0	2
AT3G11710.1	1	1	2	1	3	0	0
AT4G33090.1	1	2	7	12	18	15	20
AT3G51660.1	1	2	0	0	0	4	3
AT5G01650.1	1	4	0	2	0	4	4
AT5G57170.1	1	0	0	0	0	4	5
AT4G25080.1	1	4	0	6	5	8	8
AT1G02140.1	1	0	0	2	0	3	2
AT1G70890.1	1	3	4	4	3	12	5
AT3G26450.1	1	1	4	1.1	3	1	1
AT1G53240.1	1	31.5	28.9	22.6	34.6	37.5	29.2
AT3G15020.1	1	0	0	3.2	0	0	0
AT3G47520.1	1	13.5	8.1	21.1	5.4	18.5	16.8
AT5G58330.1	1	7	13	8	12	18	10
AT1G04410.1	1	22	16	42	28	30	43
AT5G09660.1	1	38	43	43	45	44	57
AT2G13560.1	1	0	1	2	0	2	2
AT4G00570.1	1	2	2	1	0	5	1
AT2G30200.1	1	5	9	16	6	7	8
AT3G10920.1	1	5	5	9	7	6	10
AT4G39330.1	1	7	14	17	8	11	12
AT4G37980.1	1	9	4	11	11	20	20
AT2G21250.1	1	5	6	3	4	4	5
AT3G44100.1	1	1	2	2	4	5	6
AT5G23820.1	1	1	0	7	0	7	6
AT1G58270.1	1	3	0	1	0	1	2
AT1G16460.1	1	2	1	3	3	2	1
AT1G79230.1	1	2	0	2	2	0	2
AT1G13270.1	1	2	0	2	0	0	1
AT4G25130.1	1	5	0	4	4	2	8
AT4G21860.1	1	0	0	0	0	0	4
AT3G03780.1	1	24.3	41.2	44.6	23.4	42.1	42.8
AT3G50440.1	1	0	0	0	1	0	1
AT3G59970.3	1	32.7	25	21.9	19	25.5	19.3
AT2G44160.1	1	9.3	11	8.1	2	8.5	5.7
AT2G14170.1	1	0	0	1	0	0	4
AT3G55400.1	1	0	0	1	0	3	0
AT3G16000.1	1	2	5	3	6	0	0
AT5G45930.1	1	2.8	1.6	0	2.8	1.9	2.8
AT1G08520.1	1	5	10	17	15	14	19
AT5G13630.1	1	33	24	39	36	34	39
AT4G18480.1	1	8.3	9.4	11	15.2	11.1	11.2
AT2G39960.1	1	0	0	1	0	1	0
AT3G08580.1	1	48	34	63	53	66	80
AT5G46800.1	1	3	2	11	6	5	11
ATMG00640.1	1	0	0	0	0	2	0
sum68	1	0	0	4	4	5	3
AT5G08040.1	1	2	0	0	2	2	2
AT3G02090.1	1	13	11	16	7	17	13
AT1G51980.1	1	0	0	2	0	0	7
AT5G42130.1	1	0	0	3	0	4	2
AT5G45550.1	1	0	0	1	0	1	0
AT5G20990.1	1	0	0	1	1	0	0
AT1G63940.1	1	6	13	19	11	8	19
AT3G27820.1	1	1	0	2	3	2	1
AT3G52880.1	1	12	23	29	29	30	22
AT4G26690.1	1	4	7	14.8	5	8.6	7.5
AT4G09620.1	1	0	0	0	0	0	2
AT4G37910.1	1	3	4	10	1.6	4.3	9.1
AT4G12420.1	1	4	4	7	7	11	10
AT1G41830.1	1	2	5	4.2	5	4	3
AT1G76160.1	1	2	0	2.8	0	4	3
AT1G52410.1	1	4	0	0	2	6	3
AT5G57020.1	1	0	0	0	0	1	3
AT5G25980.2	1	47	21	39.6	45	51	51.5
AT3G14210.1	1	33	45	45	77	78	66
AT3G57560.1	1	2	2	1	2	1	3
AT2G19940.1	1	2	2	3	2	4	5
AT1G63000.1	1	2	6	2	0	0	2
AT5G18170.1	1	0	1	0	0	0	7.2
AT5G07440.1	1	0	0	0	0	0	4.8
AT5G51970.1	1	2	2	4	4	7	6
ATMG00510.1	1	0	0	3	0	4	3
ATMG00070.1	1	1	0	4	1	3	1
AT5G17770.1	1	5	1	0	1	0	1
AT5G52840.1	1	0	2	2	1	8	6
AT2G27730.1	1	0	0	0	0	2	2
AT4G16450.1	1	1	2	2	1	8	3
AT2G20360.1	1	7	2	6	6	10	7
AT5G37510.1	1	0	5	8	15	10	14
AT4G34700.1	1	0	1	2	2	3	4
AT2G31490.1	1	0	0	0	0	3	2
sum74	1	0	0	0	4	2	9
AT5G53460.1	1	14	8	6	46	68	73
AT4G02580.1	1	1	0	0	1	0	2
AT5G11770.1	1	2	2	0	2	2	0
AT1G65930.1	1	23	14	18	19	15	32
AT3G27890.1	1	7	8	12	9	9	12
AT5G11670.1	1	17	13	22	16	17	25
AT3G12390.1	1	2	0	7	3	5.3	9
AT4G10480.1	1	7	4	2	2	2	0
AT1G17880.1	1	2	2	6	2	11	4
AT1G73230.1	1	7	5	10	5	10	7
AT3G49470.1	1	2	0	0	2	2	1
AT5G13850.1	1	5	7	0	5	2.7	2
AT5G08740.1	1	0	0	1	0	3	4
ATCG01100.1	1	5	6	4	4	8	4
ATCG01110.1	1	5	2	10	2	5	11
ATCG01090.1	1	5	2	0	5	5	2
ATCG00420.1	1	6	4	9	2	6	2
AT1G14150.1	1	5	1	8	0	0	1
AT4G37925.1	1	5	0	2	0	0	0
AT5G58260.1	1	2	3	3	0	3	2
AT1G74880.1	1	0	0	0	0	1	1
AT2G39470.1	1	0	0	5	0	0	0
AT4G09320.1	1	6	7	21	5	8	11
AT5G63310.1	1	4	2	9	4	17	8
AT4G11010.1	1	0	0	1	0	6	4
AT3G05900.1	1	0	0	1	0	0	2
AT1G37130.1	1	3	2	0	0	0	0
AT2G20610.1	1	2	5	5	1	3	9
AT4G23600.1	1	11	7	7	12	10	14
AT3G44310.1	1	28	24	15	18	25	25
AT2G15620.1	1	10	14	18	13	23	18
AT2G03440.1	1	0	0	2	2	2	3
AT2G24270.1	1	23	19	19	20	14	24
AT3G10520.1	1	0	3	3	2	3	3
AT4G04910.1	1	2	0	2	5	1	4
AT1G27310.1	1	0	0	2	0	0	2
AT4G16830.1	1	0	0	0	0	1	1
AT5G47210.1	1	3	9	2	5	2	6
AT1G27970.1	1	7	5	4	4	9	8
AT3G48500.1	1	0	0	0	2	0	0
AT4G12720.1	1	2	0	2	1	0	2
AT2G19480.1	1	0	1	2	5	2	2
AT4G32400.1	1	0	0	1	0	2	0
AT1G14850.1	1	0	0	0	0	0	3
AT5G64430.1	1	7	6	5	6	0	3
AT3G56650.1	1	5	0	8	3	6	5
AT1G76450.1	1	3	2	5	1	3	3
AT4G15510.1	1	3	0	2	2	0	2
AT3G55330.1	1	2	1	9	3	4	1
AT1G77090.1	1	5	5	4	1	0	1
AT5G11450.1	1	0	0	2	2	1	0
AT3G46740.1	1	3	3	4	4	8	7
AT4G02510.1	1	12	8	10	16	22	20
AT5G02120.1	1	2	0	0	6	6	5
AT1G34000.1	1	4	7	6	8	9	10
AT5G10540.1	1	0	0	0	0	3.1	2
AT3G52230.1	1	2	2	3	6	2	2
AT1G76680.1	1	2	0	0	0	0	0
AT1G75330.1	1	0	0	3	0	4	0
AT3G48990.1	1	9	5	11	3	9	11
AT4G09670.1	1	1	0	3	2	4	4
AT1G15140.1	1	2	4	12	10	6	16
AT1G73650.1	1	0	2	0	0	3	1
AT1G23740.1	1	15	8	20	13	16	26
AT3G56460.1	1	0	2	1	1	0	0
AT4G21580.1	1	2	2	0	2	1	0
AT5G19760.1	1	14	16	13	14	12	10
AT5G37830.1	1	4	4	1	0	1	7
AT1G01170.1	1	3	2	2	2	2	2
AT2G23350.1	1	1	0	7	2	1	3
AT2G17340.1	1	1	2	4	2	4	5
AT4G38350.1	1	0	1	2	5	9	3
AT1G72150.1	1	12.1	13.4	18	15	24.3	25
AT4G23670.1	1	16	20	32.9	21	29	26
AT3G16420.1	1	2	2	0	0	3	3
AT5G19820.1	1	2	9	13	13	15	15
AT3G62530.1	1	4	2	7	4	14	9
AT1G76100.1	1	3	2	2	2	2	2
AT1G21750.1	1	7	6	11	6	11	11
AT1G59870.1	1	17	2	13	15	26	28
AT2G38230.1	1	14.7	15	15.3	12.4	12.9	14.7
AT5G01410.1	1	13.3	9	9.7	8.6	10.1	9.3
AT4G19410.1	1	0	0	0	3	0	2
AT3G14310.1	1	0	2	6	4	6	7
AT1G74850.1	1	0	0	0	0	0	2
AT2G37230.1	1	0	3	0	0	0	0
AT3G13160.1	1	0	0	2	0	1	1
AT3G29230.1	1	0	0	0	0	2	0
AT5G46580.1	1	0	0	4	3	12	8
AT5G53490.1	1	4	5	8	3	6	2
AT2G41790.1	1	0	0	1	0	2	4
AT3G57190.1	1	0	0	2	0	1	2
AT1G15390.1	1	0	0	0	0	2	0
AT5G14660.1	1	0	0	0	1	0	4
AT1G52190.1	1	3	0	0	0	0	0
AT2G18040.1	1	2	0	2	0	1	2
AT4G34870.1	1	5	6	14	7	12	9
AT3G25230.1	1	0	0	2	0	0	1
AT5G35100.1	1	3	0	0	0	3	0
AT3G15520.1	1	2	2	2	2	2	2
AT2G16600.1	1	9	10	27	12	18	21
AT5G13120.1	1	8	2	8	4	10	9
sum86	1	3	4	6	8	11	11
AT3G62030.1	1	25	46	46	47	46	102
AT1G71695.1	1	2	0	4	2	12	10
AT4G21960.1	1	0	0	2	0	0	0
AT3G49120.1	1	0	2	0	0	5.3	5
AT1G65980.1	1	3	3	3	1	11	4
AT3G52960.1	1	11	13	29	14	26	23
AT3G06050.1	1	4	2	5	6	10	8
AT3G26060.1	1	17	16	23	5	4	7
AT4G35000.1	1	5	2	7	3	9	7
AT2G45740.1	1	0	0	2	0	3	2
AT2G39970.1	1	1	0	0	0	0	1
AT2G42770.1	1	0	0	0	1	2	0
AT2G22780.1	1	4	1	2	0	0	2
ATCG00540.1	1	32	32	35	19	26	23
ATCG00720.1	1	32	28	41	10	18	18
AT4G03280.1	1	17	30	29	18	17	15
ATCG00730.1	1	2	5	0	2	2	0
AT3G21865.1	1	2	1	1	0	2	2
AT1G66430.1	1	6	0	10	2	4	4
AT1G69200.1	1	0	0	0	1	0	1
AT2G31390.1	1	0	1	2	0	0	1
AT5G37850.1	1	2	0	1	0	2	2
AT2G05620.1	1	4	2	2	0	1	2
AT3G21200.1	1	0	2	0	0	0	0
AT4G22890.4	1	12	4	11	7	7	15
AT3G11200.1	1	0	0	4	0	3	0
AT5G05610.1	1	0	0	4	0	0	0
AT3G58140.1	1	3	0	5	4	9	14
AT3G20320.1	1	1	1	5	3	0	1
AT5G14040.1	1	9	3	7	6	16	21
AT2G42600.1	1	31.3	44	65.2	45.2	41.5	29.9
AT1G53310.1	1	2.7	4	7.8	2.8	5.5	4.1
AT1G48600.1	1	2	4	3.6	2	3	4
AT5G26570.1	1	12	12	19	15	21	28
AT1G70730.1	1	11.9	13.3	34.3	13.8	29.4	30
AT1G70820.1	1	4	7	5	4	5	2
AT1G23190.1	1	10.1	15.7	22.7	11.3	21.6	14
AT5G17530.1	1	0	1	1	1	6	0
AT1G79550.1	1	19.2	17.7	27.2	26.1	37.4	41.2
AT3G12780.1	1	169.6	165.3	143.8	163	186.8	182.1
AT1G56190.1	1	10.2	11	28	3.9	13.9	22.7
AT1G09780.1	1	7	8.3	16.5	7	17.3	9.5
AT5G64460.1	1	4	4	3	2	3	2
AT3G15730.1	1	10	7	10	25	18	26
AT5G12010.1	1	0	0	1	0	0	2
AT4G21210.1	1	5	5	2	2	0	0
AT1G09830.1	1	0	1	1	0	0	1
AT1G31860.1	1	0	0	0	2	1	0
AT3G55010.1	1	4	1	0	1	0	0
AT1G32060.1	1	29	38	43	42	48	36
AT4G35630.1	1	2	1	2.5	1	3	5
AT2G17630.1	1	1	0	2.5	0	0	0
AT3G45780.1	1	2	0	1	0	0	6
AT5G58140.1	1	0	2	0	5	3	0
AT2G46820.1	1	3	4	4	2	1	6
AT3G26570.1	1	0	0	1	0	0	2
AT4G01900.1	1	4	0	2	4	3	3
sum107	1	0	0	0	0	2.6	5.2
AT2G39010.1	1	0	0	0	0	1	2
AT4G35100.1	1	12	11	0	11	14.5	15.3
AT3G61430.1	1	5	1	0	1	0	7.3
AT5G55280.1	1	0	3	8	2	13	9
AT5G51820.1	1	21	15	18	17	19	16
AT1G24360.1	1	6	0	6	6	9	13
AT4G14070.1	1	2	3	4	5	5	4
AT1G01090.1	1	9	9	15	7	12	13
AT1G20340.1	1	5	4	5	3	5	3
AT4G27520.1	1	9	11	9	19	14	22
AT1G42550.1	1	3	1	2	2	1	1
AT4G34110.1	1	0	5	4.9	5	5	4.9
AT1G49760.1	1	2	0	6.1	0	4	8.1
AT4G27440.1	1	22	24	30.6	7	17.3	27
AT1G03630.1	1	6	2	7.4	2	8.7	5
AT5G57490.1	1	0	0	1	0	2	0
AT1G69740.1	1	3	2	11	20	14	16
AT3G59400.1	1	5	2	2	2	4	2
AT1G04690.1	1	3	0	0	0	0	0
AT5G33320.1	1	4	2	2	4	5	5
AT1G75040.1	1	2	0	2	1	2	3
AT2G40380.1	1	1	2	0	0	0	0
AT4G38510.1	1	3.7	0	6	2	9.3	0
AT2G19760.1	1	3	5	4	2	3	2
AT4G29350.1	1	4	2	7	1	7	4
AT3G27280.1	1	1.5	2	0	5.2	3	4
AT1G03860.1	1	0	4	0	5	5	4
AT5G07020.1	1	3	4	3	4	4	5
AT1G50380.1	1	0	0	1	1	0	3
AT2G10940.1	1	4	2	3	2	5	4
AT4G00165.1	1	1	0	0	2	1	0
AT4G22485.1	1	6	2	2	5	6	8
sum78	1	0	0	0	0	0	3
AT3G13330.1	1	0	0	0	0	1	4
AT3G02200.1	1	1	0	1	2	1	2
AT5G60640.1	1	2	7	4	5	2	6
AT1G31160.1	1	1	0	2	3	2	3
AT3G09880.1	1	0	0	0	0	2	1
AT4G15415.1	1	0	0	1	0	1	0
AT4G33500.1	1	0	1	0	1	0	0
sum57	1	3	0	4	0	4	0
AT3G44620.1	1	0	1	1	0	0	2
AT2G16950.1	1	0	0	2	2	3	3
AT4G32760.1	1	3	0	4	2	2	3
AT3G52180.1	1	1	0	2	0	1	1
AT4G01690.1	1	16	9	12	8	16	13
ATCG00350.1	1	42	38	59	28	32	37
ATCG00340.1	1	88	85	132	63	93	104
ATCG01060.1	1	6	5	4	6	4	6
sum85	1	41	32	48	24	31	23
AT4G28750.1	1	3.8	2.6	2.6	5	5.5	1.3
AT2G20260.1	1	6.3	6.4	10.4	6	7.5	6.7
AT1G31330.1	1	31	33	44	26	38	37
AT1G55670.1	1	7	4	2	4	2	4
AT3G16140.1	1	4	7.5	8	0	7.6	10.7
AT1G52230.1	1	4	7.5	4	0	9.4	3.3
ATCG00630.1	1	3	2	0	0	1	3
AT4G12800.1	1	35	48	47	24	25	33
AT5G64040.1	1	13	11	11	8	16	12
AT1G08380.1	1	4	6	7	0	1	7
ATCG00020.1	1	49	57	60	49	38	58
ATCG00680.1	1	188	199	241	166	183	198
ATCG00280.1	1	155	168	182	144	137	151
ATCG00270.1	1	161	139	153	132	121	168
ATCG00580.1	1	4	6	4	3	6	6
ATCG00710.1	1	5	2	3	5	4	3
ATCG00560.1	1	6	6	4	6	6	6
AT5G66570.1	1	26.9	17.4	28.8	17.7	21	18
AT3G50820.1	1	30.1	20.6	21.2	12.3	21	22
AT1G06680.2	1	40	42	53	30	36	56
AT4G21280.1	1	37.5	42.2	51.3	33.5	43.8	52.9
AT4G05180.1	1	46.5	50.8	57.7	19.5	35.2	28.1
AT3G01440.1	1	4	0	3	0	2	2
AT1G79040.1	1	14	12	5	8	10	12
AT1G44575.1	1	37	38	45	21	40	28
AT4G28660.1	1	1	0	2	0	0	0
AT2G06520.1	1	2	0	0	0	0	0
AT1G03600.1	1	8	10	7	6	8	8
AT5G24490.1	1	4	2	5	6	6	4
AT3G52150.1	1	2	0	2	4	10	6
AT1G68590.2	1	4	6	7	4	7	8
AT2G38140.1	1	0	0	1	0	0	2
AT3G56910.1	1	2	2	3	4	2	3
AT5G17870.1	1	0	0	1	4	2	4
AT4G29060.1	1	24	31	35	41	39	56
AT2G34640.1	1	0	0	0	0	2	0
AT5G54180.1	1	1	0	0	2	2	0
AT5G65840.1	1	0	0	2	0	0	0
AT3G57330.1	1	2	2	2	0	2	0
AT1G48420.1	1	2	1	2	0	1	1
AT2G30970.1	1	1	1	7	6	9	4
AT3G63190.1	1	4	2	8	7	7	6
AT2G35410.1	1	4	8	6	9	14	6
AT1G22700.1	1	2	3	5	6	8	5
AT1G23440.1	1	0	0	2	0	1	1
AT1G12000.1	1	1	0	4	0	0	0
AT1G20950.1	1	2	3	9	0	2	0
AT1G24180.1	1	0	0	0	2	0	0
AT1G59900.1	1	2	2	1	3	3	4
AT5G50850.1	1	13	10	20	10	10	10
AT3G52990.1	1	10.2	8	9.8	10	10	14
AT2G36580.1	1	6.8	0	1.3	0	0	0
AT3G22960.1	1	14	9	19	13	17	21
AT5G52920.1	1	3	2	7	8	12	11
AT5G54160.1	1	5	8	9	0	5	4
AT4G17170.1	1	3.3	0	4	0	0	0
AT2G39670.1	1	0	0	0	4	0	2
AT1G09340.1	1	38	57	61	64	52	49
AT3G63140.1	1	10	10	20	14	15	14
sum11	1	2.4	0	3.2	0	2.4	1.2
AT4G35860.1	1	1.7	0	4	0	6	3
AT1G06400.1	1	0	0	2.3	0	0	0
sum3	1	0	0	4.8	0	0	4.8
sum77	1	10.6	5	10.8	7	11.6	5.6
sum9	1	0	0	5.7	0	3.9	4
sum15	1	0	0	0	0	3.9	3.9
AT4G37000.1	1	4	4	3	5	4	4
AT3G10260.1	1	0	1	2	0	1	0
AT4G11220.1	1	2	3	2	2	2	2
AT3G02230.1	1	1	2	1.7	0	3	2.4
AT5G15650.1	1	4	3	3.3	2	3	3.6
AT3G13870.1	1	0	0	3	0	2	0
AT3G25480.1	1	0	0	3	0	2	2
AT2G42220.1	1	3	3	3	2	3	4
AT4G27700.1	1	2	0	3	0	4	0
AT3G08920.1	1	2	0	0	0	1	0
AT5G19370.1	1	1	0	0	4	5	3
AT4G30310.2	1	7	2	2	5	3	2
AT4G37510.1	1	0	0	0	0	2	0
AT1G76400.1	1	0	0	2	0	3	0
AT4G21150.1	1	7	0	9	4	3	2
AT3G04790.1	1	17	25	19	33	21	31
AT2G42910.1	1	2	1	2	0	5	4
AT4G34730.1	1	4	1	2	3	4	0
AT5G61410.1	1	24	15	29	44	20	48
AT1G71500.1	1	16	10	18	9	9	8
AT4G36700.1	1	0	4	0	0	0	0
AT2G20490.1	1	4	0	0	0	2	2
AT4G39040.1	1	0	2	0	2	2	3
AT3G53460.1	1	4	8	7	15	15	10
AT2G37220.1	1	7	5	14	13	16	20
AT1G70200.1	1	0	0	0	3	0	2
AT4G09040.1	1	6	5	5	7	8	15
AT1G73530.1	1	0	0	0	0	0	2
AT3G15010.1	1	0	0	0	0	1	1
AT1G01080.1	1	4	0	4	0	3	5
AT3G52380.1	1	5	6	11	6	8	8
AT4G16390.1	1	0	0	0	6	14	9
AT5G63420.1	1	0	0	2	5	5	3
ATCG00190.1	1	1	1	2	2	0	2
ATCG00170.1	1	0	0	0	4	9	4
AT2G30520.1	1	2	0	2	0	0	0
AT5G63840.1	1	2	3	0	5	2	2
AT2G39730.1	1	184	164	211	150	178	195
ATCG00490.1	1	813	643	540	505	537	653
AT1G14030.1	1	0	0	0	0	0	2
AT5G38430.1	1	35	34.9	26.4	27.5	24	25.8
sum117	1	103.8	60.4	92.8	49.8	28	61.8
AT1G67090.1	1	144.1	143.9	109	83.7	104.1	102.1
AT1G54500.1	1	1	3	6	4	4	2
AT1G12800.1	1	1	4	3	8	5	5
AT3G23700.1	1	0	0	0	0	2	0
AT2G31660.1	1	4	0	5	2	3	4
AT3G23810.1	1	3	7.2	4.9	4.8	0	12.5
AT4G13940.1	1	9	14.8	15.1	10.2	21	19.5
AT2G36880.1	1	0	2.9	4.1	5.5	1.5	2
sum69	1	6.3	3	0	3	3.2	2.4
AT3G17390.1	1	22.8	20.1	21.9	17.5	18.3	12.7
AT4G39460.1	1	1	3	2	5	4	5
AT5G49810.1	1	0	1	0	2	2	0
AT3G04260.1	1	0	0	1	2	2	4
AT3G51730.1	1	2	0	0	0	0	0
AT1G56330.1	1	0	8	10.6	7.2	5	9.4
AT1G75690.1	1	0	0	2	0	0	0
AT1G47540.1	1	0	2	0	0	0	0
AT1G22530.1	1	4.9	4.6	9	3	7.7	12
AT1G72160.1	1	0	0	0	0	1	2
AT2G45070.1	1	3	2	0	0	2	0
AT3G10380.1	1	0	0	2	0	2	2
AT3G55800.1	1	29	27	41	27	32	30
AT4G27150.1	1	0	3	0	0	0	0
AT4G14030.1	1	8.2	3.6	1	3	6.2	6.1
AT4G14040.1	1	4.8	6.4	4	5	2.8	3.9
AT2G17840.1	1	0	0	0	0	0	4
AT3G48140.1	1	2	0	0	0	2	1
AT2G35780.1	1	2	0	2	2	2	1
AT1G25490.1	1	2	1	4	3	4	2
AT1G17720.1	1	0	0	0	0	1	2
AT5G36210.1	1	0	2	0	2	2	0
AT5G27470.1	1	0	2	0	0	3	10
AT5G14260.1	1	5	9	3	3	12	9
AT4G11260.1	1	0	0	0	2	0	0
AT2G35500.1	1	0	0	2	0	0	0
AT1G01800.1	1	2	3	1	3	1	2
AT3G61220.1	1	0	0	0	0	3	1
AT2G29340.1	1	0	0	1	0	0	3
AT3G12800.1	1	2	3	0	2	3	1
AT2G03120.1	1	2	2	2	0	3	2
AT5G61970.1	1	0	0	2	0	4	2
AT2G21160.1	1	2	4	2	1	0	2
AT1G52220.1	1	4	2	2	2	5	3
AT2G30695.1	1	1	0	7	0	4	2
AT2G22990.1	1	2	3	2	0	3	0
AT1G50170.1	1	0	0	2	0	1	2
AT4G22010.1	1	2	1	0	1	2	4
AT1G03330.1	1	1	0	0	2	5	1
sum45	1	3	0	0	0	5	0
AT1G10830.1	1	2	0	0	0	2	0
AT1G53210.1	1	0	0	0	0	2	2
AT1G17050.1	1	1	2	2	0	2	3
AT1G17100.1	1	1	2	2	3	1	6
AT1G23820.1	1	0	0	7.3	2	3.2	1.5
AT1G70310.1	1	2	0	3.7	2	4.8	7.5
AT5G64270.1	1	2	3	4	4	4	5
sum97	1	0	0	0	0	4	0
AT3G17210.1	1	5	8	1	2	11	8
AT3G29320.1	1	8.3	21	23.5	28.2	16.8	25.8
AT3G46970.1	1	14.7	24	22.5	29.8	20.2	29.2
AT5G24300.1	1	0	1	2	0	4	4
AT4G18240.1	1	0	0	0	0	0	2
AT5G66040.1	1	2	2	2	2	2	2
AT5G15970.1	1	3	0	0	4	2	2
AT3G51420.1	1	0	0	2	0	0	2
AT5G42390.1	1	6	6	8	17	12	25
AT3G14067.1	1	7	8	11	7	8	8
AT4G20850.1	1	11	13	15	9	14	23
AT5G66760.1	1	0	0	5	0	4	6
AT1G79440.1	1	1	6	4	0	5	8
AT2G20420.1	1	5	3	8	8	11	9
AT5G08300.1	1	0	0	7	0	7	5
AT1G22710.1	1	0	0	0	0	2	0
AT2G35840.1	1	0	2	0	0	0	0
AT3G01910.1	1	0	0	0	0	2	2
AT5G04590.1	1	13	12	17	15	18	17
AT1G80070.1	1	5	0	0	0	6	7
AT3G11830.1	1	10	8	8	3	10	6
sum103	1	2	0	5	0	5	7
AT3G03960.1	1	12	11	20	9	15	10
AT3G18190.1	1	4	2	2	2	3	3
AT5G20890.1	1	5	4	2	3	2	2
AT5G26360.1	1	7	3	2	2	2	2
AT3G20050.1	1	0	2	2	3	7	2
AT1G24510.1	1	14	7	6	5	6	4
AT3G16640.1	1	5	6	12	10	8	8
AT4G33360.1	1	0	0	2	0	0	0
AT4G00620.1	1	0	0	4	1	2	3
AT1G01320.1	1	13	8.8	7.8	16	21.6	18.1
AT2G25730.1	1	0	0	0	0	1	2
AT4G28080.1	1	0	2.2	6.2	0	1.4	3.9
AT3G52140.1	1	7	3	6	6	8	8
AT2G20890.1	1	11	7	13	14	15	14
AT1G19800.1	1	0	0	0	2	0	0
AT5G54770.1	1	22	21	31	33	49	33
AT2G29630.1	1	3	5	4	1	1	4
AT1G22940.1	1	0	0	2	0	0	4
AT3G61200.1	1	0	0	0	0	2	1
AT5G26000.1	1	69	73	109.4	110	150	184.5
AT2G43910.1	1	3	1	4	4	2	5
AT1G77510.1	1	1	2	3	2	2	3
AT1G76080.1	1	2	2	4	7	15	12
AT3G54960.1	1	0	0	2	2	0	1
AT3G02730.1	1	2	4	4	2	10	7
AT5G16400.1	1	0	0	1	2	2	2
AT2G47470.1	1	1	1	5	2	8	6
AT5G42980.1	1	11	10	12	5	15	15
AT5G39950.1	1	0	0	0	0	2	0
AT1G45145.1	1	0	0	0	0	2	0
AT1G03680.1	1	9	5	7	6	8	7
AT4G03520.1	1	2	3	7	4	4	2
AT3G15360.1	1	2	2	6	2	4	4
AT1G50320.1	1	2	6	4	2	4	6
AT1G43560.1	1	4	2	5	2	7	9
AT3G06730.1	1	0	0	0	2	4	0
AT4G38100.1	1	2	0	2	0	1	2
AT4G29840.1	1	6	2	1	2	4	6
AT5G26830.1	1	2	1	1	3	2	2
AT2G04842.1	1	2	1	6	2	4	3
AT2G47390.1	1	5	5	8	5	8	10
AT1G77490.1	1	4	2	8	3	2	3
AT5G52970.1	1	2	1	3	0	3	2
AT4G24930.1	1	0	0	3	2	5	0
AT1G54780.1	1	12	12	27	13	25	20
AT1G12250.1	1	0	2	1	0	0	1
AT2G44920.2	1	4	3	7	4	10	6
AT4G02530.1	1	15	15	19	8	11	9
AT3G47070.1	1	21	8	8	0	8	13
AT1G06950.1	1	33	28	40	59	65	55
AT2G15290.1	1	3	0	1	1	0	3
AT4G33350.1	1	2	0	0	4	3	2
AT5G16620.1	1	0	5	2	7	0	4
AT2G24820.1	1	0	0	0	0	1	2
AT3G18890.1	1	4	3	6	9	8	12
AT2G29530.1	1	0	0	0	0	1	2
AT1G61570.1	1	4	0	0	0	0	0
AT5G24650.1	1	0	0	0	2	0	2
AT2G42210.1	1	2	3	10	4	4	4
AT4G09010.1	1	17	6	26	22	22	31
AT3G01480.1	1	10	13	9	12	10	9
AT1G02280.1	1	5	0	3	6	5	2
AT5G05000.1	1	0	0	1	0	2	1
AT4G32770.1	1	0	0	1	0	2	2
AT3G55000.1	1	0	2	0	0	0	1
sum38	1	0	0	0	0	5	2
AT5G46110.1	1	15	13	12	12	18	20
AT1G12230.1	1	2	3	5	3	6	6
AT5G13420.1	1	0	0	0	1	0	1
AT2G30490.1	1	6	2	3	2	4	2
AT1G02080.1	1	0	0	0	1	1	3
AT3G18860.1	1	0	1	1	0	1	0
AT3G60750.1	1	100	113	139	109	101	137
AT2G24060.1	1	0	0	2	0	0	0
AT4G11175.1	1	2	0	1	2	3	3
AT1G17220.1	1	3	3	3	6	10	8
AT5G14030.1	1	5	5	7	3	3	4
AT2G26240.1	1	0	0	0	0	2	0
AT5G54750.1	1	0	0	2	0	0	0
AT4G14160.1	1	2	2	2	0	1	2
AT5G55220.1	1	20	14	12	18	19	21
AT2G21170.1	1	28	15	23.6	19	20.1	25.5
AT3G55440.1	1	20	27	21.4	26	16.9	29.5
AT3G02660.1	1	0	0	0	2	1	0
AT4G33760.1	1	2	0	5	5	5	4
AT5G52520.1	1	2	0	0	6	4	2
AT3G62120.1	1	3	5	5	1	5	9
AT5G06060.1	1	0	5	2	5	2	6.3
AT2G29290.2	1	0	0	0	2.5	2	2.5
AT2G29360.1	1	0	0	0	2.5	0	1.3
AT2G25840.1	1	0	0	2	4	2	3
AT1G17860.1	1	0	0	2	0	4	0
AT2G43530.1	1	2	0	0	0	2	2
AT3G54640.1	1	2	0	0	1	2	0
AT5G54810.1	1	0	0	0	0	0	4
AT3G15950.1	1	0	0	1	1	0	1
AT1G64740.1	1	0	0	0	0	0	2
sum89	1	18.6	21.6	12.4	15	20.6	18.2
AT4G14960.2	1	13.2	2.6	20	3	9.4	8.3
sum7	1	12.5	17.5	20.1	8.9	25.6	16.8
sum43	1	6	0	7.6	6.8	3	14.6
AT1G20010.1	1	12.5	24.4	15.3	19.3	18.4	30.1
AT3G57890.1	1	0	0	0	0	2	0
AT5G07350.1	1	10	8	7	6	9.3	0
AT5G61780.1	1	4	12	1	0	4.7	3
AT1G09760.1	1	4	2	0	3	2	0
AT1G78140.1	1	0	0	0	1	2	0
AT3G02770.1	1	0	0	3	0	0	0
AT5G16450.1	1	0	0	0	0	4	0
AT5G56260.1	1	0	0	1	2	2	0
AT4G32470.1	1	4	2	6	5	7	7
sum100	1	0	0	0	0	4	3
AT3G52730.1	1	4	3	2	4	4	4
AT2G30110.1	1	10	17	27	10	17	26
sum6	1	4	3	6	2	0	4
AT1G77710.1	1	3	2	2	0	2	2
AT5G55160.1	1	0	0	0	0	0	2
AT3G02260.1	1	0	0	0	3	3	1
sum106	1	0	5	0	0	3	2
AT3G20630.1	1	2	1	2	2	1	2
sum1	1	6.4	3.2	3	13.8	11.2	12.8
AT1G24100.1	1	0	0	2	0	0	0
AT2G31790.1	1	3	0	0	0	0	2
AT3G29360.1	1	0	0	0	0	4.4	0
AT5G39320.1	1	2	3.3	5	0	6.6	9
AT3G03250.1	1	10.7	7.7	10	6	9.5	11.5
AT5G17310.2	1	5.3	12.3	10	0	9.5	11.5
AT1G71220.1	1	1	0	0	1	1	2
AT3G54110.1	1	0	0	0	0	2	0
AT3G17020.1	1	2	0	5	0	7	4
AT3G53990.1	1	1	2	4	4	6	5
AT3G01520.1	1	0	0	0	0	2	0
AT2G47710.1	1	0	2	0	2	1	0
AT3G11930.1	1	2	0	4	0	0	2
AT2G21620.1	1	1	0	1	0	0	0
AT3G56010.1	1	0	0	0	0	2	0
AT1G08480.1	1	0	0	0	0	2	0
AT1G09310.1	1	5	2	9	3	1	5
AT1G14345.1	1	3	0	3	1	2	2
AT1G16080.1	1	4	4	10	11	11	9
AT1G21350.2	1	0	0	0	3	0	0
AT1G27020.1	1	1	3	0	0	0	0
AT1G28140.1	1	0	1	1	0	1	1
AT1G33810.1	1	2	0	0	2	2	0
AT1G44920.1	1	0	0	0	0	2	2
AT1G47420.1	1	0	0	0	2	4	3
AT1G55160.1	1	1	0	2	0	1	2
AT1G55480.1	1	19	9	10	9	7	7
AT1G63610.1	1	0	0	0	2	0	0
AT1G72640.1	1	0	2	2	0	0	0
AT1G74730.1	1	2	2	4	0	2	0
AT2G04039.1	1	0	0	0	0	3	0
AT2G05310.1	1	0	1	3	0	2	4
AT2G21385.1	1	0	0	2	2	2	1
AT2G21960.1	1	0	0	2	2	4	1
AT2G26340.1	1	0	3	2	0	0	2
AT2G27290.1	1	0	0	0	0	3	0
AT2G30930.1	1	0	3	2	1	5	3
AT2G31670.1	1	0	0	0	0	6	0
AT2G31890.1	1	2	0	5	7	7	10
AT2G36145.1	1	0	0	3	0	2	1
AT2G39080.1	1	1	0	0	1	2	0
AT2G43630.1	1	0	0	2	0	0	0
AT2G44640.1	1	0	0	0	2	2	4
AT2G45990.1	1	0	0	1	0	2	3
AT2G46540.1	1	3	0	0	2	3	2
AT3G01680.1	1	0	0	0	0	2	0
AT3G04550.1	1	2	2	2	9	8	12
AT3G11560.2	1	0	0	0	3	3	1
AT3G12345.1	1	0	0	3	0	4	0
AT3G44330.1	1	0	0	0	0	4	0
AT3G49720.1	1	2	2	4	2	3	0
AT3G55250.1	1	1	0	2	0	0	0
AT3G59780.1	1	2	5	12	5	10	6
AT3G59870.1	1	4	0	5	0	3	0
AT3G63170.1	1	0	0	0	2	3	2
AT4G01150.1	1	15	13	15	10	24	18
AT4G02725.1	1	2	0	2	0	3	2
AT4G19100.1	1	0	0	0	0	2	1
AT4G21445.1	1	0	0	3	0	0	2
AT4G24330.1	1	3	1	2	0	3	0
AT4G28025.1	1	0	0	1	0	2	2
AT4G30010.1	1	3	0	0	0	0	4
AT4G33480.1	1	0	0	0	0	2	1
AT4G34090.1	1	3	4	1	0	0	0
AT4G39690.1	1	0	0	2	2	0	2
AT5G01750.1	1	0	0	0	0	0	2
AT5G02160.1	1	3	1	0	3	0	2
AT5G04440.1	1	0	0	1	0	2	0
AT5G08050.1	1	4	3	7	0	6	5
AT5G13030.1	1	0	1	3	1	3	0
AT5G13560.1	1	0	0	2	0	0	2
AT5G15320.1	1	2	0	0	2	3	2
AT5G22580.1	1	4	4	2	4	6	5
AT5G24690.1	1	0	0	2	0	2	0
AT5G24710.1	1	0	0	0	2	4	0
AT5G27390.1	1	0	0	1	0	1	0
AT5G28500.1	1	4	4	5	12	6	8
AT5G37360.1	1	2	0	5	1	2	2
AT5G39410.1	1	0	0	0	0	2	3
AT5G41950.1	1	0	0	3	0	2	2
AT5G42070.1	1	2	0	0	0	2	3
AT5G42570.1	1	1	0	1	0	0	0
AT5G43830.1	1	2	0	3	0	3	5
AT5G47690.1	1	2	1	3	3	8	5
AT5G47860.1	1	0	0	0	0	1	1
AT5G51110.1	1	2	2	2	9	6	11
AT5G51200.1	1	2	0	0	1	3	0
AT5G51720.1	1	7	3	3	1	8	4
AT5G55610.1	1	2	0	4	0	0	0
AT5G58250.1	1	9	4	10	15	3	6
AT5G58450.1	1	0	0	0	1	0	1
AT5G62140.1	1	2	0	2	0	0	0
AT5G66420.1	1	0	2	0	1	3	3
sum87	1	8.4	23.8	2.6	15	11	12.4
AT1G15270.1	1	2	1	0	0	3	2
AT1G51000.1	1	0	0	1	1	0	0
AT1G61150.2	1	2	0	0	0	2	3
AT1G68680.1	1	4	2	2	1	3	4
AT2G40765.1	1	3	0	0	0	2	1
AT3G01130.1	1	2	0	0	2	2	3
AT3G22210.1	1	0	0	0	2	0	0
AT3G47833.1	1	0	0	0	0	2	0
AT4G20150.1	1	0	1	0	4	5	0
AT5G15802.1	1	0	1	3	0	2	6
AT5G20130.1	1	0	1	0	0	2	1
AT5G27290.1	1	0	2	0	0	0	0
AT5G40450.1	1	0	1	3	2	4	3
AT5G48020.1	1	0	0	0	0	0	2
AT5G53045.1	1	0	0	0	0	2	0
AT5G53650.1	1	0	0	0	0	3	1
AT5G08540.1	1	0	0	0	2	0	0
AT3G52155.1	1	0	0	1	0	0	2
AT1G50900.1	1	0	0	0	0	1	1
AT5G16660.1	1	2	0	2	4	2	2
AT4G31530.1	1	3	1	0	0	0	0
AT4G30720.1	1	0	1	0	2	2	4
AT5G23940.1	1	2	0	3	0	0	0
AT5G14910.1	1	11	9	8	10	10	11
AT5G02240.1	1	8	1	11	5	10	11
AT5G42765.1	1	0	0	3	0	3	1
AT4G01050.1	1	15	6	6	6	7	6
AT3G43540.1	1	0	0	4	0	0	1
AT3G51140.1	1	0	0	0	0	2	1
AT5G55710.1	1	3	0	0	0	0	2
AT4G10300.1	1	0	0	2	0	0	0
AT1G54520.1	1	2	3	2	2	4	3
AT3G17800.1	1	0	0	0	0	2	0
AT3G61870.1	1	2	1	2	0	2	1
AT1G62780.1	1	7	0	10	5	7	4
AT3G46780.1	1	53	31	27	22	40	35
AT3G43520.1	1	0	2	1	2	2	2
AT4G13200.1	1	0	0	4	1	6	2
AT3G18420.1	1	0	0	0	0	2	0
AT5G46790.1	1	0	0	0	0	0	2
AT1G21680.1	1	0	0	2	0	1	0
AT1G22630.1	1	1	0	0	0	0	1
AT2G35450.1	1	0	0	0	1	0	2
AT1G22520.1	1	0	0	0	2	2	1
AT4G10060.1	1	0	0	0	2	1	0
AT5G06660.1	1	0	0	0	0	3	0
AT2G32240.1	1	2	2	2	0	2	2
AT1G64790.1	1	12	9	22	21	31	36
AT1G67140.1	1	0	0	1	1	1	3
AT3G20680.1	1	2	0	0	1	0	0
AT5G17170.1	1	3	5	8	1	0	2
AT1G71820.1	1	0	0	0	1	2	2
AT1G10510.1	1	0	0	0	0	0	2
AT4G23890.1	1	0	0	0	0	1	1
AT5G20090.1	1	0	0	2	0	4	2
AT2G24020.1	1	5	3	4	5	12	8
AT3G08030.1	1	0	0	1	1	5	6
AT4G22310.1	1	0	0	0	0	2	2
AT5G19860.1	1	0	0	2	1	5	3
AT5G11420.1	1	0	3	0	5	0	4
AT4G01883.1	1	2	0	1	0	0	2
AT2G21530.1	1	1	2	3	2	1	2
AT5G48480.1	1	2	2	4	3	3	2
AT5G08060.1	1	0	0	1	0	0	2
AT1G62390.1	1	2	2	3	2	2	4
sum58	1	5	4	7	5	13	14
AT3G53900.1	1	7	0	6	15	11	9
AT2G34470.1	1	0	1	0	0	2	0
AT3G13740.1	1	0	0	0	0	0	2
AT3G54470.1	1	0	0	2	3	2	4
AT5G26667.2	1	0	0	2	0	2	0
AT1G16880.1	1	9	13	9	14	20	20
AT2G40490.1	1	11	16	23	16	25	26
AT3G14930.1	1	4	4	6	4	6	7
AT4G18810.1	1	2	0	2	0	3	0
AT5G63860.1	1	3	2	2	0	0	2
AT3G01390.1	1	3	5	2	4	2	4
AT3G42050.1	1	2	0	0	1	3	3
AT4G02620.1	1	5	5	11	4	9	13
AT3G28710.1	1	4	0	2.7	0	0	0
AT3G28715.1	1	0	0	1.3	0	0	4
AT3G27750.1	1	0	0	0	0	0	2
AT1G14610.1	1	2	0	0	2	0	1
AT5G16715.1	1	0	0	0	4	3	5
sum75	1	28.4	26	12	26	26.6	37
AT1G12840.1	1	7	7	8	9	8	15
AT3G58730.1	1	0	0	0	0	3	0
AT4G11150.1	1	5	1	3	0	6	0
sum101	1	3	0	1	4	2	6
AT4G24220.1	1	0	0	0	0	0	2
AT5G39510.1	1	0	0	0	0	0	2
AT4G35250.1	1	10	9	16	7	8	16
sum90	1	5	8	14	14	12	17
AT2G38410.1	1	0	0	0	0	2	1
AT1G65260.1	1	6	6	3	2	2	4
AT3G01280.1	1	3	5	3	8	2	3
AT5G67500.1	1	2	1	5	2	3	6
AT5G15090.1	1	7	5	6	17	10	14
AT3G63410.1	1	12	12	7	12	8	10
AT1G10760.1	1	25	18	40	30	33	41
AT3G63460.1	1	18	10	16	13	17	20
AT2G02740.1	1	2	0	0	2	2	4
sum108	1	6	0	4	3	8	4
AT2G06850.1	1	5	6	4	4	1	0
AT4G37800.1	1	3	3	0	0	2	0
AT5G57655.2	1	0	1	1	0	1	4
AT5G49650.1	1	0	0	0	0	3	0
AT2G21370.1	1	0	0	0	2	2	0
AT5G44650.1	1	0	0	0	2	0	1
ATCG01130.1	1	2	0	0	5	23	2
sum61	1	3	0	0	0	5	4
ATCG00360.1	1	0	0	2	0	0	0
ATCG00520.1	1	0	0	0	0	4	0
AT2G25830.1	1	2	2	5	2	2	2
AT4G27990.1	1	0	0	0	0	4.7	4.3
AT3G07430.1	1	6	0	0	2	6.3	5.7
AT5G67030.1	1	0	1	0	1	3	1
AT3G04870.1	1	0	1	0	0	4	2
AT5G38070.1	1	1	1	0	0	0	0
AT1G48570.1	1	0	0	0	1	3	3
AT3G56490.1	1	0	2	2	2	2	2
AT5G65620.1	1	4	8	10	16	7.9	10
AT1G29700.1	1	1	0	3	2	0	2
AT1G03880.1	1	0	93.8	0	0	0	0
AT1G03890.1	1	0	11	0	0	0	0
AT1G26530.1	1	0	0	0	2	0	0
AT1G30400.1	1	4	0	0	0	0	2
AT1G35220.1	1	4	1	2	0	1	4
AT1G54850.1	1	0	3	0	0	0	0
AT1G67350.1	1	0	0	3	0	2	2
AT1G73660.1	1	0	0	2	0	0	1
AT2G20930.1	1	1	0	1	2	2	0
AT2G24140.1	1	0	0	0	0	0	2
AT2G26780.1	1	0	0	0	2	1	0
AT2G27210.1	1	0	0	0	4	3	4
AT2G28490.1	1	0	4	0	0	0	0
AT2G35630.1	1	1	0	1	2	0	0
AT2G36850.1	1	1	0	0	1	7	6
AT2G45540.1	1	0	0	0	0	2	1
AT3G07568.1	1	0	1	0	3	0	0
AT3G09860.1	1	0	0	0	0	1	2
AT3G13720.1	1	0	1	0	2	0	2
AT3G18000.1	1	0	1	2.4	0	0	0
AT3G22640.1	1	0	9	0	0	0	0
AT3G27660.1	1	0	3	0	0	0	0
AT3G43300.1	1	4	2	5	3	13	6
AT3G46560.1	1	2	0	0	0	2	3
AT3G47430.1	1	1	0	2	0	3	0
AT3G50590.1	1	0	0	0	0	4	4
AT3G53890.1	1	2	0	1	0	1	1
AT3G63540.1	1	2	4	7	3	3	3
AT4G03550.1	1	0	0	0	2	1	1
AT4G12980.1	1	0	0	0	0	0	2
AT4G26760.1	1	0	0	2	0	0	0
AT4G27160.1	1	0	5	0	0	0	0
AT4G30220.1	1	0	0	0	0	4	2
AT5G02280.1	1	0	0	0	0	3	0
AT5G20165.1	1	0	0	0	0	2	1
AT5G20250.1	1	0	0	0	3	3	2
AT5G27700.1	1	0	0	1	0	1	0
AT5G40420.1	1	0	2	0	0	0	0
AT5G40480.1	1	3	0	0	3	4	4
AT5G43970.1	1	2	0	0	0	2	2
AT5G44120.3	1	0	96.2	0	0	0	0
AT5G45950.1	1	2	2	2	0	0	2
AT5G54660.1	1	0	0	1	0	1	0
AT5G54740.1	1	0	2	0	0	0	0
AT5G55920.1	1	0	0	0	0	0	2
AT5G61220.1	1	0	0	0	0	2	1
sum118	1	0	6	0	0	0	0
sum123	1	0	5	14	7	10	12
sum52	1	2	0	0	0	0	0
sum83	1	6	0	3	0	6	5
