Protein	Length	0	0	0	1	1	1
ATCG00490.1	1	1187	1150	1435	1178	1235	1433
AT3G60750.1	1	686.4	416.9	380	302.6	529	391
sum_10	1	440.5	388.9	444.7	447.4	310.2	482.09999999999997
AT2G39730.1	1	346	421	388	431	447	250
AT3G45140.1	1	368	272	252	195	221	364
AT1G67090.1	1	352.9	246.4	194.70000000000002	229.99999999999997	308.5	189.29999999999998
AT5G04140.1	1	374.9	249	167	238.8	253.9	214.8
AT3G12780.1	1	251	259.9	277.1	222.9	202.9	172.9
AT3G01500.1	1	67.9	187.9	229	137	226	114
AT4G38970.1	1	185.8	167.8	179.5	72.9	153.2	181.9
sum_7	1	184.3	229.7	124.3	134.9	117.4	93.8
AT5G35630.1	1	101	99	100	95	130	89
sum_16	1	139	117	57	102	91	64
AT1G42970.1	1	62.5	113.19999999999999	95.30000000000001	97.8	89.9	94.9
AT3G62030.1	1	89	34	59	168	176	24
AT1G62750.1	1	109	84	90	124	82	56
AT2G28000.1	1	76	102	66	82	99	118
AT3G29320.1	1	88	80	78	88	95	92
AT4G20360.1	1	88	92	79	76	73	89
AT2G21330.1	1	93.7	94.69999999999999	104.1	34	60.6	77.1
AT4G24280.1	1	97.7	86.2	67.4	59.4	63.3	63.300000000000004
AT1G32060.1	1	52	85	75	65	66	81
AT3G11630.1	1	59.099999999999994	83.7	67.6	48.5	88.4	60.5
AT1G10760.1	1	104	77	41	67	51	41
AT3G58610.1	1	56	61	64	86	78	35
AT3G55800.1	1	87	72	76	38	41	41
AT1G63770.3	1	75	69	65	44	47	49
AT3G54050.1	1	78	77	63	50	48	32
AT2G04030.1	1	84	44	53	60	60	39
AT2G21170.1	1	46	51	53.9	53.8	52.9	37
AT2G43750.1	1	53	55	52	41	44	47
AT1G09340.1	1	69	47	49	46	30	35
AT2G15620.1	1	46	64	61	38	38	27
AT5G49910.1	1	62.3	57.800000000000004	40.6	26.6	39.7	44.699999999999996
AT4G24620.1	1	63	57	47	36	36	31
AT5G51820.1	1	53	52	70	38	33	22
AT1G29900.1	1	61	46	18	55	57	27
AT2G37660.1	1	42	40	34	49	59	39
sum_5	1	57	61	54	48	30	11
AT5G45390.1	1	45	57	44	37	45	31
AT3G04790.1	1	38	44	53	21	59	42
AT1G74260.1	1	62	46	20	30	45	26
AT5G60600.1	1	50	40	31	34	37	26
AT5G65620.1	1	67	36	29	25	27	25
AT5G19220.1	1	44	45	40	28	24	17
AT5G26570.1	1	51	42	7	36	36	23
AT1G56190.1	1	44	36.199999999999996	40.900000000000006	31.1	23.1	18.1
AT3G48110.1	1	47	34	13	37	37	20
AT5G15450.1	1	35	24	27	39	42	17
AT4G29060.1	1	42	24	10	49	34	20
AT2G05710.1	1	41	32.9	26	28	25	24.2
AT5G54770.1	1	31	33	25	33	25	28
AT5G63570.1	1	33.3	39.7	25.5	29.7	28.7	16.2
AT5G04590.1	1	26	49	27	21	24	24
AT3G22960.1	1	35	30	27	33	26	18
AT2G37220.1	1	31	28	24	22	29	31
AT5G53460.1	1	36	29	9	51	30	10
AT4G31990.1	1	21	35	39	29	20	18
AT2G36390.1	1	49.6	29.4	36	20	16.2	9.2
AT5G20720.1	1	27	30	34	24	28	17
AT5G22800.1	1	40	36	8	37	22	12
AT3G52960.1	1	29	27	27	28	28	12
AT5G35970.1	1	33	27	16	22	25	22
AT1G80380.2	1	20	42	29	24	13	13
AT2G40490.1	1	43	28	22	15	15	15
AT1G23740.1	1	24	33	29	16	16	19
AT4G33680.1	1	36	32	27	22	12	7
AT1G63940.1	1	22	26	27	23	20	17
AT2G05990.1	1	23	25	31	21	21	13
AT4G34200.1	1	31.4	23.1	19.8	23.2	19.3	16.4
AT5G24300.1	1	27	34	22	26	18	6
AT5G30510.1	1	29	21	23	25	19	11
AT5G48300.1	1	32	26	24	19	14	12
AT4G24770.1	1	17	20	20	29	22	19
AT5G17920.1	1	29.3	18	25	16	18	19.7
AT2G47390.1	1	48	44	32	0	0	0
AT1G69830.1	1	23	17	20	23	17	23
AT5G36880.1	1	33	35	26	13	6	9
AT2G41680.1	1	30	19	22	24	13	14
AT3G23940.1	1	29	24	15	22	19	13
AT5G61410.1	1	17	11	32	15	29	15
AT1G16880.1	1	24	25	24	15	15	15
AT5G08280.1	1	18	17	23	15	24	21
AT4G00490.1	1	31	25	25	18	10	7
AT3G48420.1	1	19	23	24	23	19	8
AT3G05350.1	1	29	26	15	16	14	14
AT5G06290.1	1	28	15.4	21.4	19.5	11.6	17.5
AT1G16080.1	1	17	16	30	26	16	8
AT5G58330.1	1	30	23	22	11	16	10
AT3G63140.1	1	20	26	22	15	14	15
AT5G16710.1	1	20	28	17	14	14	19
AT5G55220.1	1	23	28	25	17	11	6
AT3G54660.1	1	21	19	30	17	12	11
AT5G49030.1	1	26	27	11	15	18	13
AT4G15530.1	1	31	24	18	13	10	13
AT1G04420.1	1	27	24	19	17	9	13
AT3G48730.1	1	26.7	15.3	17.5	25.3	17.3	6.8
AT5G52920.1	1	15	14	21	27	21	10
AT1G31230.1	1	26.3	14	18.3	20.1	16.3	12.9
AT1G02560.1	1	12	22	20	19	22	12
AT4G18440.1	1	19	21	29	15	7	14
AT5G04360.1	1	26	19	12	14	14	15
AT1G76080.1	1	18	22	15	18	23	3
AT4G39970.1	1	15	20	20	23	14	7
AT1G20620.1	1	23	13	20	13.5	3	25
AT1G18500.1	1	22	22	14	14	17	7
AT4G01310.1	1	8	11	18	26	17	16
AT2G19940.1	1	23	13	17	15	10	17
AT5G26000.1	1	18	10	8	24	18	17
ATCG00480.1	1	13	24	27	21	9	0
AT1G69740.1	1	28	19	15	17	14	0
AT3G47520.1	1	19	15	22	11	10	16
AT1G09130.1	1	13	17	16	23	17	7
AT5G26742.1	1	23	14	3	12	14	25
AT5G66190.1	1	14	8	21.2	11	20	16
AT1G16720.1	1	21	25	10	12	9	13
AT4G29840.1	1	14.8	16	23	21.8	9	5
AT5G16715.1	1	24	14	12	15	13	10
AT3G55040.1	1	12	16	17	19	14	10
AT4G09020.1	1	32	21	9	8	9	8
AT5G52520.1	1	17	14	24	14	8	10
AT5G09650.1	1	18	29	20	11	3	5
AT2G42130.3	1	20	18	16	13	19	0
ATCG00120.1	1	18	20	15	17	12	4
AT3G03710.1	1	20	14	4	19	18	9
AT2G47940.1	1	15	18	12	16	8	13
AT1G03475.1	1	16	11	21	9	11	13
AT5G17530.1	1	14	15	16	15	9	12
AT1G70820.1	1	18	18	14	13	9	8
AT1G24360.1	1	13	10	15	13	11	18
AT1G06680.1	1	10	11	13	13	19	13
AT1G20020.1	1	20	16	15.8	14	9	4
AT2G35040.1	1	17	23	15	9	8	6
AT3G22890.1	1	14	14	11.7	15.8	17	5
AT1G11750.1	1	10	13	14	17	17	6
AT3G63490.1	1	11	11	8	25	8	13
AT1G15140.1	1	11	14	16	14	10	10
AT4G12060.1	1	16	4	10	24	18	3
AT1G66430.1	1	13	14	19	8	8	11
AT3G54640.1	1	8	9	16	19	12	9
AT4G37000.1	1	15	14	17	15	7	4
AT5G13650.1	1	18	14	8	16	10	6
AT5G48960.1	1	15	15	13	14	8	6
AT5G42390.1	1	17	14	4	16	13	7
AT5G62790.1	1	16	17	18	15	4	0
AT2G25080.1	1	11	7	12	23	14	2
AT2G27680.1	1	11	17	12	12	8	8
AT3G20390.1	1	9	14	11	11	13	10
AT5G03650.1	1	20.4	8.6	11	11	10.8	5.8
AT4G25100.1	1	11	13	16	6	8	13
ATCG00160.1	1	6	11	14	8	16	12
ATCG00800.1	1	10	10	9	9	16	13
AT3G19480.1	1	16	16.3	15.2	9.2	3.3	6.2
AT3G57610.1	1	15	21	10	7	8	4
AT1G03680.1	1	12	12	13	10	12	6
AT5G46290.1	1	16	17	14	9	7	1
AT2G35410.1	1	14	12	10	13	9	6
AT5G50250.1	1	8	10	12	13	9	12
AT1G67280.1	1	14	13	13	11	7	5
AT1G14810.1	1	12	13	15	6	8	9
AT5G66530.1	1	10	13	16	12	7	5
AT4G20850.1	1	30	8	0	4	6	15
AT5G25980.2	1	5	11	0	19	17	11
AT4G24830.1	1	10	12	15	7	9	9
AT5G35360.1	1	13	11	11	14	6	7
AT4G08390.1	1	15	20	12	8	3	3
AT4G17300.1	1	16	18	12	8	4	3
AT3G04870.1	1	15	15	14	9	3	5
AT2G38270.1	1	9	10	14	10	12	3
AT5G13630.1	1	19	7	3	9	19	1
AT5G64860.1	1	13	15	20	3	3	3
AT1G49970.1	1	7	11	10	16	7	6
AT1G05190.1	1	2	4	8	8	19	16
AT4G18810.1	1	14	14	17	9	1	1
ATCG00780.1	1	10	11	7	7	10	11
AT1G07320.1	1	6	7	8	11	12	12
AT4G19710.2	1	13.8	7	7.7	12.9	7.7	6.1
AT3G52150.1	1	12	7	10	10	13	3
AT3G53460.1	1	10	11	4	13	8	9
AT5G63310.1	1	16	8	12	11	7	0
AT1G08520.1	1	15	8	3	10	12	6
AT5G24400.1	1	9	9	15	11	8	1
AT5G22510.1	1	11	8	14	10	4	6
AT2G45990.1	1	9	8	14	8	11	3
AT1G66670.1	1	6	12	11	12	8	4
ATCG00670.1	1	8	10	8	15	9	3
AT5G35790.1	1	12	10	13.9	6	6	5
AT5G51070.1	1	21.7	8.7	9.8	7.9	2	2.1
AT5G17710.1	1	20	12	7	4	7	2
AT1G20340.1	1	6	5	7	13	16	5
AT4G23100.1	1	6	10	10	8	10	7
AT1G80560.1	1	10.5	8.3	10.6	8.5	8	4.7
AT1G12410.1	1	6	10	7	4	16	7
sum_8	1	8	10	3	10	5	14
AT2G28190.1	1	13	11	12	4	5	4
AT4G05180.1	1	11	7	6	15	8	2
AT4G18480.1	1	0	12	15	13.6	8	0
AT1G56070.1	1	4	4	5	6	8	21
AT1G31180.1	1	13.5	6.7	12.2	6	6.7	2.3
AT3G52380.1	1	9	13	8	5	8	4
AT4G26300.1	1	9	9	8	5	7	8
AT5G14260.1	1	6	6	12	10	9	2
AT4G30920.1	1	8	8	14	6.4	4	4
AT1G73060.1	1	9	10	14	4	6	1
AT4G31530.1	1	13	9	8	8	3	2
AT3G63190.1	1	6	7	16	5	6	3
AT2G33800.1	1	14	7	8	8	5	1
AT3G06350.1	1	9	8	6	8	8	4
AT2G43090.1	1	7	7	6	6	11	6
AT2G43030.1	1	1	7	10	8	8	9
ATCG00380.1	1	0	10	6	3	9	15
AT4G04770.1	1	11	8	11	5	4	3
AT2G29630.1	1	8	8	11	7	6	2
AT4G19170.1	1	8	7	7	7	7	6
AT3G27890.1	1	5	10	6	4	6	11
AT3G53900.1	1	3	11	8	4	11	4
AT5G14910.1	1	7	7	5	8	6	8
AT1G48520.1	1	9	9	10	9	3	0
AT4G01800.1	1	15	9	1	4	5	6
AT4G33760.1	1	9	10	5	5	6	5
AT2G21385.1	1	5	7	9	10	8	1
AT5G13510.1	1	0	2	7	3	16	12
AT3G50820.1	1	2.2	2.5	7	14.8	9.6	3.3
AT1G31190.1	1	10	8	10	2	2	7
AT1G80600.1	1	0	12	12	7	6	2
AT1G27450.1	1	9	9	6	4	6	5
AT5G63420.1	1	8	4	5	6	8	8
AT4G16060.1	1	6	9	9	7	6	1
AT4G13430.1	1	8	11	8	5	3	2
AT2G30170.1	1	10	7	10	4	3	3
AT3G27740.1	1	11	7	6	9	4	0
AT5G57850.1	1	5	8	11	4	4	5
AT3G58140.1	1	0	9	12	7	8	1
AT3G08740.1	1	2	9	8	3	7	8
AT2G36250.1	1	11.4	10	8	1.5	6	0
AT2G30860.1	1	8	8	6	1	6	7
AT2G04400.1	1	6	5	6	10	3	6
AT2G01140.1	1	6.4	7.5	9.4	6.1	4.2	2
AT1G17745.1	1	8.5	10.6	7	3.6	2.4	3.4
AT3G55400.1	1	7	8	5	6	6	3
AT2G38040.1	1	1	0	1	6	8	19
AT3G25770.1	1	2	15	6.7	0	4	6.8
AT2G30200.1	1	10	7	5	6	4	2
AT5G16390.1	1	10	5	5	8	1	5
AT1G35420.1	1	5	8	6	9	4	2
AT4G34120.1	1	5	5	7	8	6	3
ATCG00770.1	1	6	6	2	4	7	9
AT3G02730.1	1	5	10	6	3.8	6	3
AT2G13360.1	1	4	7	9	4	4	5
AT1G03310.1	1	8	5	3	6	8	3
AT1G74970.1	1	7	2	3	11	10	0
AT1G32990.1	1	2	2	1	17	9	2
AT1G70570.1	1	10	9	4	4	2	3
AT4G34090.1	1	6	5	11	4	3	3
AT3G10670.1	1	8	6	6	8	4	0
AT5G67030.1	1	8	5	7	2	6	4
AT2G37500.1	1	4	8	4	2	9	5
AT5G19370.1	1	6	1	7	9	6	3
AT2G24020.1	1	11.4	5	4	7	3	1
AT2G47400.1	1	11	8	8	2	1	1
AT5G14320.1	1	9	6	6	3	7	0
AT2G47910.1	1	7	7	6	4	7	0
AT2G04842.1	1	5	6	6	5	4	5
AT3G48560.1	1	7	7	0	10	7	0
AT1G18640.2	1	0	2	8	11	10	0
ATCG00420.1	1	10	5	5	4	6	0
AT1G23180.1	1	14	5	1	1	7	2
AT5G28500.1	1	6	4	5	4	7	4
AT1G53520.1	1	2	7	5	0	7	9
AT5G66570.1	1	8.8	7.5	0	9.2	2.4	1.7
AT4G25130.1	1	7	7	8	3	3	0
AT1G52670.1	1	8	6	5	4	0	5
AT3G04550.1	1	6	6	6	5	4	1
AT4G25370.1	1	7	0	2	14	5	0
AT1G12800.1	1	5	2	1	6	9	5
AT2G47730.1	1	1	5.7	6	1	7	7
AT3G59870.1	1	0	6.9	7.1	3	6.7	3.5
AT5G47840.1	1	7	10	6	0	4	0
AT2G20270.1	1	7	5	6	4	4	1
AT4G17040.1	1	6	2	5	1	8	5
sum_1	1	1.6	5	3	8	2	7
AT4G04020.1	1	6	12.8	0	4.5	3	0
AT5G51100.1	1	6	5	6	7	2	0
AT5G03940.1	1	5	6	6	3	3	3
AT2G31670.1	1	5	8	2	2	4	5
AT5G41670.1	1	2.7	1.7	10	5.6	3	3
AT1G32220.1	1	4	4	4	8	6	0
AT3G02660.1	1	10	7	5	1	2	0
AT3G14930.1	1	3	6	9	4	2	1
AT1G64190.1	1	5.3	10.3	0	7.4	2	0
AT1G09830.1	1	2	0	13	7	2	0
AT1G52510.1	1	4	3	8	6	2	1
AT4G03520.1	1	6	5	3	3	4	3
AT1G62780.1	1	3	5	4	5	5	2
AT2G43945.1	1	0	11.1	2.9	5	1.3	3.5
AT3G24430.1	1	6	4	8	3	2	0
AT5G14590.1	1	7	4	5	1	3	3
ATCG01110.1	1	0	8	8	1	1	5
AT5G13030.1	1	9	6	0	7	1	0
AT2G29690.1	1	3	5	4	5	3	3
ATCG00820.1	1	6	3	3	5	4	2
AT5G58250.1	1	5	0	4	8	6	0
AT1G75330.1	1	0	4	5	3	5	6
AT1G17220.1	1	3	3	0	7	9	1
AT5G54810.1	1	8	7	5	2	0	0
sum_9	1	7	3	7	0	0	5
AT5G45170.1	1	5	3	7	5	2	0
AT1G48850.1	1	7	5	3	6	1	0
AT1G31860.1	1	6	4	4	2	3	2
AT5G04740.1	1	5	3	5	5	2	1
AT3G23700.1	1	3	3	6	7	1	1
AT4G35630.1	1	0	5	6	0	3	7
AT5G23120.1	1	3	5	0	0	7	6
AT5G13120.1	1	2	1	4	7	6	1
AT5G42270.1	1	0	0	0	15	6	0
AT3G20330.1	1	7	5	6	2	0	0
AT3G57050.1	1	5	7	5	2	0	1
AT2G02500.1	1	4	5	3	5	2	1
AT5G64050.1	1	1	3	6	4	3	3
AT1G77090.1	1	2	2	4	6	6	0
AT5G08650.1	1	3	2	3	2	3	7
AT3G23400.1	1	3	4	0	3	3	7
AT2G21370.1	1	8	5	3	0	2	1
AT1G32200.1	1	7	1	4	5	2	0
AT2G17265.1	1	2	4	4	6	2	1
AT5G55280.1	1	2	5	3	4	2	3
AT3G02630.1	1	4	3.3	3.3	1.7	3	3.3
AT3G52750.1	1	1.6	0	8	8.5	0	0
AT4G26900.1	1	4	1	9	4	0	0
AT3G17810.1	1	2	3	7	4	2	0
AT5G53850.2	1	4	1	7	5	1	0
ATCG00330.1	1	4	5	2	3	3	1
ATCG01120.1	1	5	3	3	2	3	2
AT1G56500.1	1	1	7	0	2	6	2
AT1G17650.1	1	0	0	5	5	4	4
AT3G56130.1	1	1	0	4	7	2	4
AT3G57560.1	1	1	0	4	7	2	4
AT3G44890.1	1	2	0	2	9	5	0
AT1G53280.1	1	3	5	7	2	0	0
AT3G15360.1	1	4	4	4	1	1	3
AT2G44650.1	1	4	3	4	1	4	1
AT1G48350.1	1	5	4	2	1	2	3
AT1G64510.1	1	2	2	2	8	3	0
AT3G15690.2	1	1	3	2	6	3	2
AT2G46910.1	1	0	1	3	12	1	0
sum_4	1	0	0	0	12	5	0
AT2G43710.1	1	3	1.7	3.7	3.3	3	1.7
AT5G14200.1	1	0	5.1	3.2	4.5	3.3	0
AT3G52180.1	1	3	3	5	4	1	0
AT2G31170.1	1	5	3	3	2	1	2
AT1G17050.1	1	5	3	3	0	3	2
AT3G13490.1	1	2	3	5	3	3	0
AT5G44520.1	1	0	3	6	5	1	1
AT4G04350.1	1	6	0	0	4	6	0
sum_12	1	2	3	0	5	4	2
AT3G14390.1	1	1	2	9	3.5	0	0
AT4G02520.1	1	0	2.3	0	0	5	8
AT2G01210.1	1	9	3	2	0	0	1
AT2G39930.1	1	9	0	4	0	2	0
AT1G74960.1	1	3	6	2	2	2	0
AT4G16390.1	1	5	3	3	3	1	0
AT5G10920.1	1	1	5	4	5	0	0
AT3G55760.1	1	5	3	1	2	4	0
AT2G44920.2	1	3	2	1	4	5	0
AT5G05730.1	1	1	2	0	2	4	6
AT1G62640.1	1	2	0	1	1	4	7
AT1G13280.1	1	0	0	1.3	4.5	6.9	2.3
AT5G11880.1	1	1	2	0	3.5	8	0
AT2G21530.1	1	4	3	4	3	0	0
AT1G57770.1	1	4	6	0	1	0	3
AT5G12040.1	1	3	3	3	0	3	2
AT5G63890.1	1	0	2	6	1	2	3
AT1G63970.1	1	3	2	0	5	4	0
AT5G47190.1	1	2	0	0	6.9	3.5	1
AT3G62410.1	1	7	4	2	0	0	0
AT4G38225.1	1	3	3	5	1	0	1
AT1G56050.1	1	2	4	4	3	0	0
AT4G22930.1	1	2	4	3	2	2	0
AT3G52155.1	1	2	4	3	2	2	0
AT1G73170.1	1	3	2	4	0	1	3
AT1G04410.1	1	2	2	3	5	1	0
AT4G28706.2	1	0	4	3	3	0	3
AT5G01650.1	1	2	2	2	1	4	2
AT1G60000.1	1	0	3	2	4	3	1
AT1G36390.1	1	0	1	4	3	3	2
AT1G67700.1	1	0	0	0	9	4	0
AT5G14740.1	1	2.1	10.1	0	0	0	0
AT2G45290.1	1	6.6	1.1	0	4.4	0	0
AT4G13550.1	1	7	5	0	0	0	0
AT1G60950.1	1	4	4	1	1	1	1
AT3G29185.1	1	3	2	3	2	2	0
AT3G63170.1	1	4	2	2	1	1	2
AT2G26540.1	1	2	2	2	4	2	0
AT3G03890.1	1	2	3	1	6	0	0
AT2G25870.1	1	1	4	1	1	3	2
AT1G50320.1	1	2	2	2	1	2	3
AT1G21350.2	1	2	2	2	0	2	4
AT3G01480.1	1	3	1	1	1	2	4
AT4G09040.1	1	0	2	2	5	2	1
AT4G21210.1	1	2	0	2	4	3	1
AT2G20890.1	1	2	1	1	2	3	3
AT2G37690.1	1	1	3	0	4	0	4
AT1G78630.1	1	0	0	0	8	4	0
AT3G55440.1	1	0	0	3.1	3.2	3.1	2
AT2G36230.1	1	1	5	5	0	0	0
AT1G68590.1	1	2	6	1	0	2	0
AT5G17990.1	1	6	2	1	2	0	0
AT2G26670.1	1	0	1	6	4	0	0
AT5G66120.2	1	0	1	6	2	1	1
AT4G34350.1	1	5	2	0	2	2	0
AT3G08840.2	1	5	1	0	1	2	2
AT3G26900.1	1	1	1	3	6	0	0
AT1G76100.1	1	2	1	2	2	2	2
AT3G25920.1	1	1	0	1	2	3	4
AT3G25860.1	1	0	0	1	3	0	7
AT3G15190.1	1	0	0	0	6	5	0
AT1G14030.1	1	1	3	4	2	0	0
AT1G54630.1	1	3	2	3	2	0	0
AT4G28730.1	1	4	2	2	1	1	0
AT5G24020.1	1	3	2	0	0	2	3
AT4G27440.1	1	3	1	1	0	1	4
AT3G58010.1	1	0	0	4	3	3	0
AT3G13120.1	1	2	1	1	4	2	0
AT4G29670.1	1	3	0	1	3	3	0
AT5G47870.1	1	1	1	1	5	0	2
AT4G30720.1	1	2	1	0	3	0	4
AT1G21440.1	1	0	0	2	3	3	2
AT3G27925.1	1	1	0	1	2	4	2
AT5G65220.1	1	1	0	0	9	0	0
AT4G21280.1	1	0	0	0	9	1	0
AT5G17560.1	1	6	1	2	0	0	0
AT1G17160.1	1	3	2	2	2	0	0
AT4G32520.1	1	2	0	3	4	0	0
AT3G53580.1	1	1	1	3	1	2	1
AT5G59750.1	1	2	2	1	3	0	1
AT5G36210.1	1	3	1	1	3	0	1
AT4G01900.1	1	0	2	2	2	2	1
AT5G45680.1	1	2	2	0	2	3	0
AT1G80480.1	1	0	1	2	6	0	0
AT3G62530.1	1	2	0	1	4	2	0
AT5G40950.1	1	0	0	0	7	2	0
AT5G19460.1	1	6	2	0	0	0	0
AT5G48220.1	1	0	4	2	2	0	0
AT4G29590.1	1	2	2	2	2	0	0
AT4G33500.1	1	2	2	2	1	1	0
AT3G54440.1	1	2	3	1	0	1	1
AT1G73110.1	1	0	3	2	3	0	0
AT5G23310.1	1	1	4	0	0	3	0
AT1G48420.1	1	0	2	3	1	0	2
AT2G37020.1	1	1	1	2	2	2	0
AT4G28750.1	1	2	1	1	2	2	0
AT5G24490.1	1	2	2	0	4	0	0
AT5G42310.1	1	2	1	1	2	0	2
AT3G55250.1	1	0	2	0	2	3	1
AT5G54600.1	1	0	0	0	4	4	0
AT2G41220.1	1	1.1	0	0	2.2	1.1	3.2
AT4G10300.1	1	4	3	0	0	0	0
AT4G33030.1	1	0	3	3	1	0	0
AT4G11980.1	1	1	1	3	2	0	0
AT1G79790.1	1	1	2	2	0	2	0
AT5G57040.1	1	2	2	1	1	0	1
AT4G36810.1	1	0	2	2	1	2	0
AT5G09820.1	1	2	0	2	3	0	0
AT2G13440.1	1	3	1	0	2	0	1
AT5G35100.1	1	0	0	3	4	0	0
AT3G59980.1	1	0	1	2	4	0	0
AT1G75460.1	1	1	0	2	2	2	0
AT5G13420.1	1	2	1	0	4	0	0
AT1G78380.1	1	0	1	2	0	2	2
AT1G79850.1	1	2	1	0	1	0	3
AT1G11430.1	1	0	0	1	5	1	0
AT5G51110.1	1	0	1	0	4	2	0
AT4G33010.1	1	0	0	0	3	4	0
AT3G44310.1	1	0	0	0	7	0	0
AT1G20440.1	1	1	3	2	0	0	0
AT3G01510.1	1	1	2	3	0	0	0
AT3G43610.1	1	6	0	0	0	0	0
AT4G21445.1	1	2	3	1	0	0	0
AT1G31220.1	1	2	0	3	1	0	0
AT3G46100.1	1	2	0	2	2	0	0
AT1G73090.1	1	2	0	2	2	0	0
AT1G11720.1	1	0	4	0	0	2	0
AT5G63100.1	1	2	2	0	2	0	0
AT3G24190.1	1	3	1	0	2	0	0
AT5G65840.1	1	0	4	0	1	0	1
AT5G42650.1	1	2	2	0	1	0	1
AT2G47450.1	1	2	1	1	0	0	2
AT4G34620.1	1	2	2	0	0	0	2
sum_6	1	0	0	3	3	0	0
AT5G22620.1	1	0	1	2	2	1	0
AT2G14750.1	1	2	0	1	3	0	0
AT1G50170.1	1	2	0	1	2	1	0
AT1G48860.1	1	1	0	1	4	0	0
AT3G25660.1	1	1	0	1	4	0	0
AT4G03200.1	1	1	1	0	0	2	2
AT1G35680.1	1	2	0	0	2	0	2
ATCG00180.1	1	1	1	0	1	0	3
AT5G19940.1	1	0	0	1	3	2	0
ATCG00500.1	1	0	1	0	3	0	2
AT1G08550.1	1	1	0	0	3	2	0
ATCG00190.1	1	0	0	0	2	0	4
AT3G25760.1	1	0	0	2	2.5	1.1	0
AT1G15060.1	1	4	1	0	0	0	0
AT1G59990.1	1	3	2	0	0	0	0
AT4G33520.1	1	2	2	1	0	0	0
AT2G39080.1	1	1	4	0	0	0	0
AT1G11870.1	1	1	2	1	1	0	0
AT5G04440.1	1	1	2	1	1	0	0
AT1G54580.1	1	2	0	2	1	0	0
AT3G18420.1	1	2	1	1	1	0	0
AT2G32500.1	1	0	0	3	0	2	0
AT3G59400.1	1	0	1	2	0	2	0
AT3G01180.1	1	1	0	2	0	2	0
AT1G75350.1	1	3	0	0	0	1	1
AT3G01120.1	1	0	0	2	3	0	0
AT3G44620.1	1	0	0	1	3	1	0
AT3G54210.1	1	0	0	1	0	2	2
AT4G09620.1	1	1	0	0	2	2	0
AT2G22250.1	1	0	1	0	1	0	3
AT1G70070.1	1	0	0	0	0	2	3
AT5G53490.1	1	0	0	0	5	0	0
AT5G16440.1	1	0	0	3.8	0	0	1
AT4G22240.1	1	0	1.2	2	1.5	0	0
AT4G17560.1	1	0	0	0	1.1	3.5	0
AT3G02780.1	1	0	0	1.3	3	0	0
AT4G25050.1	1	2	0	2	0	0	0
AT2G11890.1	1	2	0	2	0	0	0
AT5G36170.1	1	3	0	1	0	0	0
AT2G14260.1	1	1	3	0	0	0	0
AT1G76140.1	1	2	1	1	0	0	0
AT2G35500.1	1	1	2	1	0	0	0
AT1G79440.1	1	3	0	1	0	0	0
AT1G32500.1	1	0	1	2	1	0	0
AT2G41950.1	1	0	1	2	0	1	0
AT1G15710.1	1	1	1	1	0	1	0
AT1G75690.1	1	2	1	0	1	0	0
AT2G26930.1	1	3	0	0	1	0	0
AT3G47390.2	1	3	0	0	1	0	0
AT5G66090.1	1	3	0	0	1	0	0
AT4G09650.1	1	0	0	2	2	0	0
AT1G19740.1	1	0	0	2	2	0	0
AT3G12930.1	1	0	1	1	2	0	0
AT1G15730.1	1	0	1	1	2	0	0
AT2G45300.1	1	0	0	2	0	2	0
AT3G10420.1	1	1	0	1	1	1	0
AT1G68010.1	1	0	0	1	2	0	1
AT2G43560.1	1	0	0	0	3	1	0
AT1G69200.1	1	0	0	0	3	0	1
AT1G78370.1	1	0	0	0	2	2	0
AT5G09660.1	1	0	0	0	4	0	0
AT5G11670.1	1	0	0	0	0	0	4
AT3G26060.1	1	0	0	0	3	1	0
AT2G30695.1	1	0	0	0	0	1	3
AT4G35830.1	1	0	0	0	0	0	3.8
AT5G43780.1	1	0	0	2.3	1.2	0	0
AT1G78300.1	1	0	0	1.5	2	0	0
AT2G22230.1	1	0	0	0	3.5	0	0
AT5G10160.1	1	0	0	0	3.5	0	0
AT5G45930.1	1	0	0	0	3.4	0	0
AT5G20980.1	1	1.8	0	0	0	0	1.3
ATCG00750.1	1	2	1	0	0	0	0
AT2G33450.1	1	3	0	0	0	0	0
AT5G20250.1	1	3	0	0	0	0	0
AT5G65780.1	1	0	0	3	0	0	0
AT1G60990.1	1	0	2	1	0	0	0
AT4G20960.1	1	2	0	1	0	0	0
AT1G10370.1	1	1	0	2	0	0	0
AT3G14415.1	1	1	2	0	0	0	0
AT3G23640.1	1	3	0	0	0	0	0
AT1G07780.1	1	0	0	3	0	0	0
AT2G20690.1	1	1	1	1	0	0	0
AT3G61080.1	1	2	0	1	0	0	0
AT5G23440.1	1	0	2	0	1	0	0
AT1G32160.1	1	0	2	0	1	0	0
AT1G06130.1	1	2	0	0	1	0	0
AT3G54900.1	1	2	0	0	0	1	0
AT2G31810.1	1	0	0	1	2	0	0
AT1G35720.1	1	0	0	1	2	0	0
AT1G58080.1	1	0	0	1	2	0	0
AT4G14880.1	1	0	0	1	1	1	0
AT2G35490.1	1	0	0	1	1	0	1
AT2G25840.1	1	0	0	1	1	0	1
AT5G52100.1	1	1	0	0	2	0	0
ATCG00660.1	1	0	0	0	1	0	2
AT5G13410.1	1	0	0	0	2	1	0
AT1G76450.1	1	0	0	0	3	0	0
AT1G74850.1	1	0	0	0	0	1	2
AT5G05590.1	1	0	0	0	2	1	0
AT2G20260.1	1	0	0	0	2	1	0
sum_14	1	163.29999999999998	126.3	160.1	145.10000000000002	144	108.80000000000001
sum_13	1	100	126	94	120	140	142
