Tissue,AT2G03390.1,AT1G02560.1,AT1G09130.1,AT1G11750.1,AT1G12410.1,AT1G33360.1,AT1G49970.1,AT1G66670.1,AT1G68660.1,AT3G48870.1,AT4G12060.1,AT4G17040.1,AT4G25370.1,AT5G15450.1,AT5G23140.1,AT5G45390.1,AT5G49840.1,AT5G50920.1,AT5G51070.1,AT5G53350.1,ATcG00670.1
sepal,0.9536618496888023,0.9812915549107172,0.9885529544329658,0.9561615904167198,0.9702422972077718,1.0,0.9901699108130981,0.9813976651872685,0.9704202408875594,0.8971047464479528,0.983128980302459,0.9888193811365041,0.994134123062102,0.9756687395123876,0.9574259597288846,0.9929677683598171,0.9838563002866718,0.9793296565033536,1.0,0.9711041583350976,0.973177724582113
petal,0.8916295096812813,0.9289631488223198,0.9372676628860878,0.9187604834348814,0.9018357823705522,0.9119611860671899,0.9156775094214064,0.9259275534267845,0.9074486832841032,0.9179786840942189,0.9160783954380932,0.9085606306693352,0.9480705760619415,0.9477276252520552,0.9402725304580379,0.9026803007268259,0.966794557563895,0.9371344061099706,0.938507000884022,0.9360174708101029,0.9140836665683538
stamen,0.8757779943669753,0.9108703320399593,0.9071985453371104,0.91215096835079,0.8982482053064283,0.9813894150848571,0.907008368957461,0.9039672774677389,0.8741193772419166,0.8860265615603649,0.9095513161650943,0.9066989406180253,0.9261663068881238,0.9455137696180042,0.9579176748595606,0.9022221296624113,0.934706356148723,0.9215315289747447,0.921439672626686,0.9260940820375293,0.9096287201717503
carpel,0.8801217163073758,0.9014828322895383,0.9101787789116004,0.8960628782216651,0.860211200046338,0.9398731975103413,0.891160153057165,0.9102473964055016,0.8469643251440451,0.9498040124910339,0.9062807278468745,0.891382785130231,0.9259343835298736,0.9388933542028005,0.9217960691089697,0.8826075487153856,0.9533660133549274,0.9178105518083003,0.783453816978926,0.9147160993358269,0.8877003697022491
silique,0.9098485836857172,0.9159950217300153,0.9238934698132879,0.9106664967503505,0.8910911519706333,0.8387868713032048,0.9357102040521089,0.9467856044294064,0.9215261489236717,0.9561147378259515,0.9187463214692273,0.9348862552785724,0.9480563038552798,0.9498850769209075,0.9323060378373025,0.9152452950691076,0.9662012939209963,0.9391462564762346,0.7759788405053184,0.9354803296556807,0.915345729904728
embryo,0.912538468032202,0.9173360931229327,0.9038988756551073,0.9028687155359769,0.8574164376916421,0.8751111454749295,0.9092362331734769,0.9526116506276457,0.0,0.9144175801882349,0.9014946729587899,0.9111872552820652,0.883917007118263,0.9308381629228535,0.8816346167451996,0.8788692893489112,0.92984765682513,0.9312376033123004,0.8530170815866769,0.9993334744799139,0.9016310796814662
seed,0.9224921912772538,0.9422407539283743,0.945815211477234,0.8776258098291996,0.922948546687374,0.8196505199675261,0.9271640301195668,0.9334783436598264,1.0,0.8325701533846789,0.8885991097514988,0.9093709723051775,0.8893511498046492,0.9768920005076357,0.9755026814393457,0.9094244399552938,0.9253397192174116,0.9308781190775761,0.8491245330367583,0.9176644945776188,0.8596297490277311
seed imbibed,0.8929226495168952,0.9223709343573839,0.8866949595790463,0.8843386524028808,0.8841983702046475,0.8597788688290099,0.9007479258439482,0.8944244261838848,0.9369326206416725,0.8308167716039097,0.9165048406821714,0.8967163699488996,0.9268442367045475,0.9695207073057235,0.9542704928471367,0.9013439684556165,0.8811350822341356,0.9278004294890594,0.8492421649984316,0.9271134740094253,0.9031332094133463
pollen,0.9251360291014021,0.8640093708611475,0.8369190913973399,0.8148371386551584,0.8377119150276399,0.9326013840027835,0.8489717827977057,0.8607498059205226,0.8122310220848313,0.928415652917352,0.8159835906689552,0.8364681678944041,0.8242805915829662,0.9454855676354047,1.0,0.8597302344308613,0.9452941634982635,0.8730926050308873,0.783988507713805,0.7431759548958259,0.8048603156530149
node,0.8983561391525905,0.9454420211243703,0.9408832583887081,0.9189671384140609,0.909959418023321,0.8810182858468318,0.9323539410773315,0.9493891989278025,0.8476642405709309,0.8893485679507893,0.9400262915828168,0.9316693386983539,0.9425293918255937,0.9262905932287039,0.9354756547947533,0.9519093932010192,0.9490486129755852,0.929865887153484,0.8672469843442553,0.9574247022199219,0.9236143024699403
internode,0.9088317229841216,0.9379113894564501,0.9364918894821274,0.9330472309954915,0.904449536800721,0.8619863146093478,0.9397608662630472,0.95134830308623,0.9236675568368822,0.890609263941921,0.9400862053774393,0.9450504542453868,0.9354182648564752,0.9401730191632471,0.9268865588430898,0.9417636809185637,0.9495552687874038,0.9372037802605315,0.8919104856417714,0.9629019736996871,0.9455769481387996
cauline leaf,0.9838722055516756,1.0,0.9996314198759464,0.9800922370057071,0.9735945639700105,0.8973788997564464,0.9929221911189231,0.991779086288468,0.9568802103079211,0.8977676986501859,0.9827025350583807,1.0,0.9976415178491785,0.9814959741669839,0.9474961441043709,1.0,0.9784519716272745,0.9916908687851009,0.9683249208657713,0.9747347620503893,0.9781402399292147
leaf distal,0.9744288312625189,0.976898963747812,0.9802441053507304,0.9674346195309621,0.9747421542115113,0.8448370510689295,0.9916057259003682,0.9811889382021649,0.9861100117069187,0.9441091443931633,0.9868295382056171,0.9639886971313207,0.989317253313828,0.9863502404219017,0.939975378868277,0.9963971093571027,0.981898963304262,0.9859233541771122,0.8842751019477001,0.9534216283610528,0.9980897573957598
leaf proximal,0.9876249971220923,0.9720371639834147,0.9730480172144469,1.0,1.0,0.8429311477944871,1.0,0.975388525142447,0.95770094446921,0.9107622863518791,0.9834355979572921,0.9641109469470728,0.9897026028936899,0.9784818872766755,0.9503190842071005,0.9829574248009386,0.9842460355265322,0.9842709880455726,0.9281197422077737,0.9671010844762284,0.9880103983044454
leaf petiole,0.9624989447671964,0.9669158020139366,0.965887031947121,0.9381171664846956,0.9307680890269375,0.8419569335446708,0.9599418440639716,0.9734623778764043,0.8956001149861058,0.9375919257493533,0.9759816170380735,0.9452635182099832,0.9667600306852443,0.9630659785382911,0.9350087022965573,0.9743840723077244,0.9788287156924729,0.9693366254521145,0.8890231556734252,0.9507476848040022,0.9881990219009142
senescent leaf,0.9207424234284706,0.9581206365263922,0.9583715077033246,0.9528895532463776,0.901075549087539,0.8577724513859357,0.9406216319828715,0.9589869783656312,0.9384990980256553,0.8115911577391518,0.9496054500407062,0.9343693132005352,0.9493871871264696,0.9755947093080642,0.9735464334734192,0.9402989219096015,0.9751435524800152,0.9610842549058561,0.9641329455043203,0.981999890219326,0.9458513097336635
root,0.7946286731694588,0.8984446234018622,0.8922833363170772,0.8828369595541764,0.7877030456393381,0.9476707774384351,0.8629104007985592,0.9051244305781372,0.8409983793624937,0.9491591737369492,0.8540958127306242,0.8818403137978128,0.9223770360194816,0.900274264280779,0.9332081051633626,0.8709172445869866,0.9439430813334142,0.9100280334635675,0.7859062651495708,0.9644075372274106,0.8978311715926005
flower pedicle,0.9391725439936148,0.9497913519197619,0.968505705971349,0.9540020458842939,0.9651161527851689,0.9735145165655081,0.9895550781560808,0.9602027215069355,0.9267588499722951,0.9589766626334055,0.955991555679299,0.9627347633068924,1.0,0.9677475076497877,0.9317117346577805,0.9708679564876329,0.9653611979595195,0.961487886327301,0.8692289046682067,0.91297921224525,0.942558970595296
flower,0.8951290453788477,0.9113528515237633,0.9218539931268583,0.9085448389641074,0.8962498778196509,0.9708740866741409,0.910115082206743,0.9315814914092369,0.8363906028021615,0.9333678696411365,0.9229261897293659,0.9022665115840434,0.9319037339660678,0.942443278762497,0.9316232966846373,0.9269980770699267,0.9682365779513784,0.9259304807943971,0.9183028203153963,0.9233691688818837,0.9139121905715638
silique septum,0.9280599832697636,0.9425302656186565,0.9390017446125872,0.946769121613011,0.9109658220836907,0.9783005373642093,0.9488784729003465,0.9524505280426535,0.9397281161859609,0.7985748338996805,0.9477551710891271,0.9411454458450781,0.9709631955470717,0.944886275505168,0.9781947333418234,0.9633775537830352,0.947779808250262,0.9574736457062131,0.9423104343114609,0.9305401993303378,0.923772060386987
silique valves,0.9574875482529182,0.9654083445921213,0.9720405648753672,0.9406073589838087,0.9403361679174315,0.9906521823172382,0.9654319380248682,0.962224077573201,0.9307916960033995,0.8349611285402735,0.9766195227337607,0.9661996723704938,0.9877936952527073,0.9543868183933331,0.9338696212024735,0.9633046629318783,0.9512224695356954,0.9670472784836073,0.9631918898109334,0.9579500811592838,0.9429396473081698
egg like callus,0.9068363736828776,0.9297052305112044,0.9338205611544631,0.9111418032024634,0.9165879282194974,0.8989561990180538,0.9196486050532011,0.907365499260301,0.9699494644397135,0.9755758265166391,0.9414606983128981,0.9269190601434165,0.911615792196671,0.9883032277169085,0.9891539669737234,0.9507223136250356,0.9732208586300373,0.922316718224274,0.750980266347278,0.9680146165125816,0.9164363172443122
callus,0.8345241475637553,0.9022016199343773,0.9015645348694348,0.8807979637596052,0.8461179230426707,0.9079638148992925,0.8719954574716634,0.8860057711180442,0.7909252631973637,0.9242386917743209,0.8679182775841349,0.8915783848354343,0.8914848447005512,0.9307359307359307,0.9606238768377411,0.9378206329702675,0.9763863748560144,0.9094351998133204,0.7853109761314055,0.9734918879923466,0.8953139039597238
cell culture early,0.9307997513487793,0.8790706341969877,0.9364743380476487,0.8825889735791609,0.8713069858198392,0.9630301155912938,0.8987696113534275,0.8811061797835098,0.0,0.964149863424601,0.9594877018125685,0.9190042577864401,0.8830785149768969,0.9687345770407659,0.9574896350695477,0.90781737023693,0.9815135584559556,0.9158113149239565,0.7962650069866256,0.9771185709692849,0.9318177141563724
cell culture late,1.0,0.9151264866591682,0.941859118145726,0.8771608361260458,0.9027118607252625,0.9434723779332741,0.9091675165823985,0.8991848661950169,0.8968582962891984,0.9577956658141271,0.9608480973845868,0.927121645552377,0.9022068399550426,0.9907321234682798,0.9660504308698052,0.9159880875523253,0.9293236794470956,0.9336089379132886,0.8309521772606724,1.0,0.9187135184816829
cotelydons,0.9979279064948618,0.9831284566697505,1.0,0.97717151329997,0.9648229199474352,0.8179147175938454,0.9666326700373963,1.0,0.9877139845601989,0.9746737767988465,1.0,0.9910548063388276,0.9719979305300341,1.0,0.9298226995514427,0.9925165392812269,1.0,1.0,0.9020410927652779,0.9696103570224344,1.0
hypocotyl,0.9397251022616516,0.9328965145454666,0.9432702534778168,0.928197727484079,0.903924613819593,0.9742529091119959,0.9347554051023877,0.943482591437067,0.8890217432060292,0.921550656069092,0.9278849373195979,0.9236951578594407,0.9463150946425705,0.9491059971515998,0.9242369571677208,0.920135924082443,0.9761482033205442,0.9434916009977264,0.8599751903499016,0.9352450853544739,0.9236383091094909
root tip,0.8873318342632173,0.888914031666589,0.9090730385394399,0.8798921261008683,0.827720277593753,0.935237947964588,0.8704619924918083,0.8972623808059059,0.8041070037370484,0.9698193726950638,0.887083643181634,0.8821057705405887,0.8781724439369883,0.9057666003920075,0.9706138302839921,0.890750498087483,0.9403401955604825,0.907385509001296,0.794090597998118,0.9472111788091933,0.8642698895008677
root upper zone,0.8029477448715685,0.8453941019480476,0.8888888888888888,0.8725386530917307,0.7876270223110367,0.9315227896547725,0.8103928419012073,0.8998513277965754,0.0,0.9471232221650643,0.8432267455179195,0.849992490368461,0.8252760779976095,0.8810405121480039,0.9175368963223953,0.8426494783097653,0.8888951438989113,0.891612349860148,0.7778787749165882,0.9388600061163518,0.8570713271556247
shoot tip,0.9835844147870731,0.9819537713057309,0.9853831653661054,0.9703036794919043,0.9517758687475337,0.867831600108246,0.9715838812577307,0.9775710037937047,0.9370034454170121,1.0,0.9756397559746389,0.9793502596935372,0.9640661516778763,0.9892444688861626,0.9387266346874956,0.9707256457782314,0.9686263131912386,0.9938130871181662,0.87848974819631,0.9449332298258407,0.9768164452339962
