Accession,sepal,petal,stamen,carpel,silique,embryo,seed,seed imbibed,pollen,node,internode,cauline leaf,leaf distal,leaf proximal,leaf petiole,senescent leaf,root,flower pedicle,flower,silique septum,silique valves,egg like callus,callus,cell culture early,cell culture late,cotelydons,hypocotyl,root tip,root upper zone,shoot tip
AT1G23180.1,0.9491641696893234,0.9467570781403655,0.9484657270845667,0.9666481584305016,0.948000383849531,0.981510217821457,0.9151994894067468,1.0,0.9086275152445599,0.9892692517388935,0.9562028728111173,0.9820953957931144,0.9792921833852982,0.9948454013897742,0.9851135799159485,0.9894357155957694,0.9838088420765586,0.9653547239302102,0.9586202658691957,0.9660920925747347,0.8813283849972543,0.9845416339387658,1.0,0.9346729859332488,0.937172673162696,0.981460412482915,0.9873422871766913,0.9578532830342578,0.9102909033185039,0.9903579509195336
AT1G33780.1,0.9639370761709509,0.9852615033924875,0.9926781448501414,0.9878627100170686,0.9707074826667947,1.0,0.8487990161739754,0.8498836902154926,1.0,0.98282584631652,0.960619586215492,0.9159822191959951,0.9567792703034281,0.9654209064223938,0.9546941897230085,0.984010922948381,0.9934937110133961,0.9504549143231686,1.0,0.9731999357119897,1.0,1.0,0.9823283495674682,0.996856324452849,0.9945413150574229,0.9658605865778885,0.9931767970412444,1.0,0.9341875506241782,0.9543810794608497
AT3G19780.1,0.8431359407033591,0.8765373173631998,0.8819938620686759,0.8719723610339934,0.8121336436117043,0.9088524347890341,0.734514858575009,0.835564379382919,0.9444597776493622,0.8389726898739406,0.7672617934816477,0.7652438670540582,0.6961889803158529,0.7080923263372445,0.7811743556182832,0.8051394917568422,0.9241231209735147,0.8071412965448359,0.8769996517891891,0.8355753776920604,0.7155529839277356,0.8702517551602116,0.9351457666371501,0.8739258443641238,0.8198711672649851,0.7366851706207097,0.8868902550665435,0.9516253738444806,0.8859098920153206,0.7862195664365416
AT3G29240.1,0.7862994795773537,0.7955537634187387,0.6572834406001906,0.8414913525407695,0.8452246719286041,0.0,0.8397857999034855,0.0,0.0,0.0,0.7180625662117529,0.7704705568300958,0.8497823725687851,0.814926301044298,0.8263855488184693,0.6842982617024312,0.7663615911647408,0.8151042479478136,0.8226091231232462,0.6959337833494053,0.0,0.7832063355817739,0.8552423200054493,0.6897056594138721,0.9078317559482182,0.909359895543016,0.8175230593337918,0.7820146818923328,0.6649747845801296,0.8834406605944577
AT5G52960.1,0.826715029175209,0.8759612733863569,0.868722999609557,0.7818619285582084,0.8463642252237124,0.7993136119937273,0.7062648858170271,0.859716766502782,0.0,0.8169329390189503,0.8127999002928896,0.9147055296133952,0.9488321572856351,0.9380897293638989,0.9177383364740946,0.8281714250779484,0.9453931894876776,0.8967937513655233,0.8252719116773519,0.8386250401800064,0.7775349473164367,0.7752018333022924,0.8475793542674206,0.7490325617764162,0.6497233748271092,0.8823522674343136,0.908633365747277,0.0,0.6604893297460549,0.8996847866024638
AT1G32160.1,1.0,0.9593971288322355,0.9450944829989378,0.8960618586382051,0.9305032427288503,0.865337405683227,0.8813571195068416,0.8994112083436293,0.8464590359055743,0.9489153600872339,0.9104388670779584,0.9427927004305926,0.997409569355557,1.0,0.9774377695601094,0.9664160094556867,0.8463288679824112,0.9500335528574549,0.9349050613465517,0.9371142719382834,0.8707658741712335,0.914671276914481,0.853679926435529,0.7833656477647191,0.8638398060515642,0.9699533456014294,0.9469523433653811,0.8361371669385534,0.8901185674222474,0.9594786409081241
AT1G48450.1,0.0,0.7312549118035526,0.0,0.6860180558126144,0.8991675263296788,0.7049804182369023,0.0,0.0,0.0,0.7465511259437937,0.0,0.0,0.7258363222917693,0.0,0.7489454138314396,0.7444519166106254,0.5769846950949313,0.6938418802084959,0.7881116732553615,0.0,0.0,0.0,0.0,0.7784666203892094,0.0,0.7771660698059758,0.7702855003885604,0.801751971179989,0.0,0.8048732378024018
AT1G63610.1,0.997630499921148,0.9643552216329201,0.9260341490652461,1.0,1.0,0.9784641657840505,0.8457051012624729,0.9432595710597397,0.8340305149944369,1.0,0.972440331526142,0.9714833972322918,1.0,0.9837925254385343,1.0,0.9557579833302765,0.9624961652520708,1.0,0.9632617111488909,0.9483606557377048,0.9015062450016031,0.9156794312228224,0.8384433962264152,1.0,1.0,1.0,1.0,0.9641916462751495,0.8996145439448395,1.0
AT2G14910.1,0.7113980444724807,0.0,0.0,0.745186830361733,0.0,0.0,0.0,0.0,0.0,0.7914980091529401,0.0,0.7442017014790255,0.0,0.728907461183118,0.7373903033265787,0.7852295653237146,0.0,0.6871859296482412,0.7595624833575716,0.0,0.6374913852515506,0.0,0.0,0.8517605380951242,0.7245947752031952,0.7173438299366998,0.0,0.8373691544317563,0.7748724983006556,0.7156156330374582
AT3G07310.1,0.0,0.0,0.0,0.0,0.0,0.0,0.0,0.0,0.0,0.0,0.0,0.0,0.0,0.0,0.0,0.0,0.0,0.0,0.0,0.0,0.0,0.0,0.0,0.0,0.0,0.0,0.0,0.0,0.0,0.0
AT3G17800.1,0.9365596909004889,0.8707480753959275,0.8532690152020859,0.7254241470787833,0.8086989899959217,0.8350000410519142,0.0,0.9156221508363226,0.8911016620235804,0.7368571050935946,0.7732831681934318,0.8491417164124249,0.712278563111955,0.8469556389734872,0.6607701830051961,0.8637362189480549,0.7970992262330845,0.7813329067698742,0.8564961799225743,0.8170925747348119,0.8594404743916237,0.722417464957528,0.7117916013895511,0.899729516240994,0.7785483394719257,0.8102784755999786,0.8464433495131806,0.7548302406199021,0.7686286800470525,0.7946897178550019
AT5G14970.1,0.0,0.0,0.0,0.0,0.0,0.0,0.0,0.0,0.0,0.0,0.0,0.0,0.0,0.0,0.0,0.0,0.0,0.0,0.0,0.0,0.0,0.0,0.0,0.0,0.0,0.0,0.0,0.0,0.0,0.0
AT5G48590.1,0.0,0.0,0.0,0.0,0.0,0.0,0.0,0.0,0.0,0.0,0.0,0.0,0.0,0.0,0.0,0.0,0.0,0.0,0.0,0.0,0.0,0.0,0.0,0.0,0.0,0.0,0.0,0.0,0.0,0.0
AT4G33630.1,0.9151671660621352,0.8749120504285356,0.9110881603419105,0.907713821539474,0.9116826204127981,0.8951328850464296,0.710164386120581,0.818058265663477,0.9448090872238945,0.8846795644918798,0.8643204337259301,0.8763854983538442,0.9160044072485173,0.8988439533803936,0.9235651714540279,0.8668133928389478,0.9417331356307734,0.864524485782952,0.8969951455316361,0.8476615236258437,0.7650707422872663,0.9436243349825497,0.9223400994482666,0.9382794360533309,0.9018097191788272,0.907275337309011,0.9090646475085341,0.9473049211528004,0.9242316318182373,0.9277407128077199
AT1G27510.1,0.8778504967670714,0.916769874545851,0.906428034644466,0.9381495876776276,0.9176162944125903,0.945286008686585,1.0,0.9356887839875935,0.7813063315594732,0.9151742197696896,0.856293232379884,0.8759870164538207,0.9055528205609082,0.8961210661756026,0.8948055224833827,0.9046442909253939,0.9371271772846576,0.8774033209525891,0.9145408738043056,0.8657746705239472,0.8244397188735779,0.8855886568469469,0.92387694979906,0.9668996497275215,0.9119461668764667,0.9066530241365882,0.9201681185129731,0.9604701943991298,0.8808220348986295,0.9356771286573456
AT5G24060.1,0.8655614256426432,0.9078288491052804,0.8939002733100747,0.9117527299648343,0.9147334244975971,0.8541712850070198,0.7023537103628636,0.7946599749486618,0.9405354355157275,0.8791448444495845,0.8169245030223717,0.8510644882989465,0.899696024880637,0.8797522644820612,0.8931418388828878,0.8514560534735384,0.8999684698503596,0.8833804113736383,0.9009155896028349,0.7952627772420443,0.7757843567224522,0.8911517251989992,0.8687972549553845,0.9482809520390008,0.9070896856108288,0.9125745439551629,0.8939128241224841,0.888479642468733,0.8115946158260847,0.9436135445069714
AT3G49140.1,0.9124704305314618,0.9104457346000814,0.9056807352082993,0.9033212001562918,0.9385880734751978,0.9360370124058885,0.8669577670885289,0.8925220903381931,0.8763487230794442,0.9818015100698861,0.9105712905839098,0.940018802155671,0.9651327253830946,0.9585664707132233,0.9490723584094869,0.9149966375252185,1.0,0.9195160585536378,0.9085680342475574,0.9043635486981677,0.8171388347331916,0.8408371324690468,0.8822840746543151,0.8309396717492081,0.8909817085489611,0.9610347960874446,0.9376024802769968,0.9285489736269711,0.9038720627800866,0.9861924928931949
AT3G59300.1,0.0,0.6938490847072668,0.0,0.0,0.6681340914361571,0.6884323916024204,0.6885186568906739,0.0,0.0,0.7949757959257853,0.7257470243659251,0.6945500829848229,0.6985254471716248,0.0,0.6698061138401128,0.7188441238205865,0.0,0.0,0.0,0.6827185792349726,0.0,0.6615678621460326,0.7732443294053539,0.7802259616535415,0.740026730072886,0.6640654230584211,0.6850992151485684,0.0,0.0,0.7091141149852062
AT3G09250.1,0.898994638069705,0.8868567337483593,0.9230155631405049,0.855269706130339,0.8983438492111093,0.8614251582551293,0.814228895219415,0.0,0.9651639167521971,0.8866497596114131,0.8662249953262292,0.9254219845946124,0.9388924053105782,0.92989352409283,0.9411600053616344,0.9204621874426852,0.8563886900501074,0.8813009145104403,0.8670162430101801,0.8880062680810028,0.7926969045872845,0.9682451636934888,0.9215823172808393,0.8410528919421373,0.8097230640123082,0.9531356184571215,0.9428917848961872,0.84725054377379,0.8312418848678989,0.934973216530332
AT1G75380.1,0.9706237186563633,1.0,1.0,0.9212371727641021,0.9250853665363178,0.9215908437810455,0.8515154345491056,0.9628703380226484,0.8204376288348584,0.9852173410213625,0.9286237302922665,1.0,0.9960772362488376,0.9951955993106216,0.9665094971890842,1.0,0.9457510992944064,0.9513717656606011,0.9647446795436391,0.9402844744455159,0.8992544326796565,0.8273262452122794,0.9476832300252027,0.7903391818464706,0.9054035153153992,0.9489474126279942,0.9557203829456544,0.9150650829255029,1.0,0.9407630871574713
AT1G19660.1,0.9057167639173631,0.9534268444722409,0.9301988740128722,0.8697349209287021,0.8677798303065198,0.861778204717686,0.8744181883279627,0.9103860803176578,0.7799780926834737,0.8401705024204075,0.8693953698510625,0.8930637068101718,0.8856811308812151,0.8810153378819715,0.8734772564201628,0.911727904464959,0.877479803660906,0.8877891007834202,0.908482005694271,0.9116722918675666,0.8203930905110619,0.7744730470552986,0.8066080307880934,0.7262927767272264,0.888697219761605,0.882524071684369,0.9212585290036985,0.8463924007612833,0.8452314567959525,0.867095975711164
AT5G66050.1,0.8143273931556536,0.794944802643219,0.8372734486189656,0.8577086803627614,0.7246679301713729,0.0,0.6790228677283271,0.0,0.8414177656262127,0.0,1.0,0.0,0.0,0.5714364410447702,0.6941424144701048,0.7378573903119969,0.8078109554487507,0.7606705889696932,0.7698654267630732,1.0,0.7031588025223247,0.9064521875733849,0.9107732783870308,0.7537839800209047,0.8323115296750431,0.6556661041668258,0.7863568490391776,0.82964161908646,0.0,0.8116377559900214
