Protein	Length	0	0	0	1	1	1
ATCG00490.1	1	962	1192	1909	1497	1712	2329
ATCG00480.1	1	287.4	440.8	544.6	560.3	456.6	571.5
AT2G39730.1	1	426	454	406	476	428	479
ATCG00680.1	1	264	511	301	419	537	350
ATCG00120.1	1	196.8	291.3	429.3	379.5	337.5	535.6
AT5G17920.1	1	253.9	472	402.9	286	358.3	485.6
AT3G60750.1	1	234	429	383	295	295	433
sum57	1	235.9	299.2	315	254.4	402.4	339.8
AT1G67090.1	1	230.4	260.2	291.3	231.5	358.1	319.5
sum32	1	202.4	239.4	257.7	220.3	331.2	276.7
AT3G26650.1	1	164.8	330.5	286.3	171.4	284.6	312.9
AT3G12780.1	1	184.3	208.7	266.4	158.1	252.3	339.2
AT4G10340.1	1	172	218	246	171	339	283
AT3G01500.1	1	165.4	308.7	297.1	172.4	283.9	298.4
AT5G04140.1	1	230.9	313.7	202	254	259	177
ATCG00280.1	1	211	241	186	264	219	212
sum127	1	175.1	346	195	123	201	204
sum200	1	149	274.1	231	194	217	200
sum119	1	91	181	278	141	158	255
AT1G56070.1	1	164	232	222	204	193	159
AT1G06680.1	1	133	183	207	163	228	216
ATCG00270.1	1	163	157	201	178	200	256
AT5G26000.1	1	125.4	179.9	174.9	126.3	128.6	221
AT4G38970.1	1	164.8	174.4	135.5	148.1	120.1	161
sum9	1	111.2	152.8	208.1	147.4	158.2	240.5
AT5G14740.2	1	129.6	231.4	203.9	111.6	136.1	211.6
AT4G20360.1	1	133	139	174	147	141	179
AT1G31330.1	1	77	147	207	138	191	243
AT3G45140.1	1	168	200	204	167	146	126
AT2G28000.1	1	97	122.8	153.4	105	120.5	168.6
ATCG00340.1	1	94	116	146	179	175	133
AT4G33010.1	1	128	176	144.5	147.3	141.5	113.9
AT1G42970.1	1	111.3	154	120.1	105.8	131.1	171.4
AT1G15820.1	1	115	107	107	101	133	163
AT5G35630.1	1	99	110	110.7	135	110.5	147.7
sum41	1	114.4	164.4	142	100.8	122.9	122
AT4G21280.1	1	89.7	156.7	51.4	124.4	180.1	184.4
AT1G61520.1	1	85	126	132	81	166	164
AT5G01530.1	1	61.7	87.2	125.4	70	95.8	194.2
sum81	1	98	150	101	156	177	107
AT1G12900.1	1	107	125.6	79.5	104.8	87.4	97.8
AT3G47470.1	1	109	77	58	108	100	98
AT3G03780.1	1	70.1	145	117.2	118	106.7	133.4
sum206	1	45	78	126	103	98	117
AT3G62030.1	1	74	169	89	78	79	109
sum129	1	72.5	110.8	65.1	86.2	120.4	81.6
AT1G78900.1	1	63	75	112	88	66	123
ATCG00020.1	1	48	93	98	56	107	140
AT5G38430.1	1	72.7	78.8	84.6	78.3	98.4	108.2
AT2G42600.1	1	95.6	128.7	92.3	123.3	123.9	65
AT2G04030.1	1	78.7	128.7	98.6	86.3	75.4	78
AT5G25980.2	1	55.6	45.1	115.1	74.7	61.4	86
sum205	1	52	86	90	61	69	124.1
AT1G62750.1	1	68	82	76	92	109	101
sum12	1	40.8	47.6	116.4	73.6	85.6	97.6
sum203	1	58	101	59	92	129	52.9
sum27	1	44.7	57.3	94.2	70.5	82.2	90.6
AT4G05180.1	1	53.3	103.3	51.6	64.6	129.9	67.6
ATCG00350.1	1	47	61	83	82	111	85
sum51	1	42	78	70	35	62	95
AT1G44575.1	1	70	64	83	66	71	86
AT1G09340.1	1	79	65	86	45	61	80
AT5G54270.1	1	45.5	72.9	73	37.6	99.3	92.6
AT3G11630.1	1	55.7	97.7	113.4	31.6	69	73.6
AT4G04640.1	1	53	76	63	46	47	69
AT2G13360.1	1	57	93	59	59	75	62
AT3G08580.1	1	45	77	76	56	85	69
AT4G09650.1	1	59	100	57	45	67	75
AT3G14210.1	1	72	92	66	42	47	75
AT4G13940.1	1	39.4	62	92.3	60.2	69.3	64.3
AT3G50820.1	1	42.9	63.1	61.4	38.7	79.6	77.4
AT1G32060.1	1	56	74	63	60	48	60
AT1G07890.1	1	48	88	75	46	76	81
AT5G42270.1	1	34.6	51.1	68	60	52.1	86
AT2G21330.1	1	52.1	79.1	60.4	49.9	49.2	57
AT5G09660.1	1	39	49	84.9	57	63	66
sum214	1	53.1	62	57	82.9	63	68.3
AT3G14420.1	1	44.2	62.9	81.8	42.7	63.7	61.3
sum213	1	26.1	48.4	66.5	51	74.5	69.1
AT4G29060.1	1	62	94	69	71	66	42
ATCG00470.1	1	58	62	46	53	63	41
ATCG00130.1	1	49	55	56	71	67	75
AT3G14415.1	1	63.8	67.1	66.2	35.3	51.3	71.7
AT3G58610.1	1	35	40	63	59	48	75
AT5G66190.1	1	30	43.5	77.8	34.5	48	84.2
AT3G08940.2	1	41.3	61.5	56.1	37.9	73.4	65.3
sum221	1	34	70	73	33	57	79
AT1G11860.1	1	46	67	58	51	50	61
ATCG00720.1	1	52	76	37	50	63	47
AT4G35090.1	1	45.6	38.2	71.1	64.8	50.2	46.9
AT3G46970.1	1	60.2	72.6	62	61.5	61.4	29
AT4G24280.1	1	38	56	70.3	42.8	41.3	66.9
AT5G66570.1	1	36.1	64.9	69.6	56.4	67.4	71.6
AT3G44310.1	1	50	35	60	46	60	58
AT2G21170.1	1	40.1	75	54.7	37.2	60	70
AT3G61470.1	1	54	70	57	39	61	67
sum204	1	49	42	40	75	46	57
AT1G06950.1	1	52	93	50	50	69	29
ATCG00540.1	1	32	46	63	32	42	88
AT2G43750.1	1	42.7	52.9	65.7	36	44.4	83
sum220	1	31.3	49.6	69.1	50.8	58.4	72.7
AT2G36530.1	1	38	49	47	79	46	41
AT1G68010.1	1	48	71	67	28	53	54
AT1G20620.1	1	32.4	39.8	57.9	61.2	59.9	37.1
AT3G55800.1	1	62	69	39	36	52	35
AT3G55440.1	1	30.9	61	48.3	26.8	49	70
AT2G30860.1	1	39.5	51.6	70.4	32.6	56	56.6
AT1G20020.1	1	32	38.5	56.2	35.5	47	63.8
AT5G49910.1	1	44	51	52.7	30.2	43.7	64.1
AT5G54770.1	1	46	68	62	31	34	54
AT3G54050.1	1	45	35	46	59	30	46
AT3G59970.3	1	26	36.2	47.8	47.1	21.4	51.7
AT3G04790.1	1	34	67	40	29	49	53
AT2G37220.1	1	41	54	30	48	68	26
AT2G37660.1	1	42	55	49	32	50	42
AT4G09000.1	1	42.1	56.8	54.5	26.7	29.1	45.8
AT4G12800.1	1	24	31	51	46	55	70
sum70	1	28.8	41.2	58.9	32.6	46.9	53.5
AT1G15690.1	1	36	47	49	40	44	50
AT4G32260.1	1	41	48	25	54	50	47
AT1G04410.1	1	55.6	55	39	22	33	37
AT5G20720.1	1	28	49	59	27	66	44
sum5	1	34.8	50.2	27	34.8	48	43.8
AT3G52930.1	1	26.9	53.7	39.6	20.7	35.7	52.3
sum126	1	21	18	40.1	48.9	40	35.1
AT3G63490.1	1	30	36	54	24	37	62
sum111	1	37	52	55	23	33	56
AT3G46780.1	1	28	22	42	49	43	42
AT1G10760.1	1	39	51	40	49	55	28
sum33	1	37	65	32	45	57	17.9
AT1G79550.1	1	39.1	53.4	37.6	22.3	49.5	28.6
AT1G70730.1	1	19.6	37	48.1	35.4	42.4	51.5
AT4G02510.1	1	47	62	25	37	54	27
AT4G09010.1	1	40	48	39	37	43	36
sum212	1	32	48	44	25	33	50
sum132	1	26.8	39.6	52.6	17	48.6	47
AT4G28750.1	1	28.6	37.2	24.2	46.4	56.4	53
AT3G54890.1	1	30	33	29	21	32	38
AT1G65930.1	1	34	29	46	38	28	35
AT5G13630.1	1	29	42	28	53	76	10
AT4G24190.1	1	28.7	68.6	39.9	36.6	48.8	16
AT1G09780.1	1	8.9	30.8	48.7	28	29.5	47.7
sum64	1	15.2	22.7	41.7	30.4	37.4	46.4
AT4G27440.1	1	32	36.2	45.7	18	32.4	34.9
AT4G03280.1	1	35	41	31	27	23	37
AT2G26080.1	1	36	42	29.5	54.7	43.5	20.1
AT1G78370.1	1	17	49	45	26	58	48
AT1G23740.1	1	32	40	36	13	32	33
sum35	1	19	47	33	33	43	37
AT3G52960.1	1	29	33	30	37	30	32
AT1G56190.1	1	20.8	43.8	36.9	25.6	39.2	43.2
AT1G66970.1	1	40	64.7	21	46	39.6	17.6
sum28	1	36	24	37.1	33	28	37.9
AT1G19570.1	1	22	51	39	22	52	36
sum207	1	35	49	27	61	27	14
AT3G29320.1	1	39.8	57.4	34	41.5	27.6	11
AT1G20340.1	1	32	33	20	47	54	47
AT5G61410.1	1	12	53	39	14	43	58
AT1G05190.1	1	27	43	38	25	37	39
AT2G20890.1	1	26	43	42	18	44	39
AT2G15620.1	1	17	31	32	30	39	45
sum138	1	22	22	36	32	31	34
AT3G19170.1	1	0	0	0	91	75	39
ATCG00800.1	1	17	25	41	14	41	30
AT5G51820.1	1	13	29	38	31	25	40
sum75	1	18	38.1	35.2	17.6	29.4	37.6
AT5G23120.1	1	40	39	16	20	25	19
AT1G63770.3	1	23	56	19	39	48	6
AT5G23060.1	1	22	25	32	29	21	35
AT1G11910.1	1	29	36	28	32	31	26
AT4G01310.1	1	18	33	42	17	48	28
AT5G13510.1	1	28	34	29	24	33	23
AT5G45390.1	1	19	49	37	18	32	29
AT1G48030.1	1	13	15	40	26.2	25	30
AT3G26060.1	1	22	27	20	32	28	44
AT3G52880.1	1	34	40	20	27	25	17
AT2G43030.1	1	21	34	28	18	37	35
AT2G16600.1	1	34	27.8	19	42	26	21
AT1G29900.1	1	35	59	23	39	38	13
AT4G02520.1	1	23.5	52.4	25.2	14.9	33.8	24.1
AT4G28080.1	1	34.5	27.9	16.7	43.5	53	21.1
AT3G48730.1	1	23.8	41	20.6	24.7	30.8	24.6
AT1G09620.1	1	41	63	13	44	28	1
AT4G31990.1	1	28	43.3	24.6	14	34.6	25
AT5G08280.1	1	17	45	28	12	36	30
AT1G23190.1	1	18.4	22	23.9	29.6	22.6	45.5
AT1G01320.1	1	21.4	29.1	19.3	34.5	59	19.9
AT3G08590.1	1	16.1	28.2	25.3	29	11.5	35.3
AT5G60600.1	1	15	23	35	24	34	34
sum19	1	19	31	29	12.9	28	30
AT1G72370.1	1	26	31	24	12	27	26
AT3G17390.1	1	23.6	16.8	32.5	16.9	21.7	32.8
AT1G78630.1	1	18	26	21	22	24	29
AT3G47520.1	1	18.7	25.4	19	19.2	18.7	39.3
AT1G78380.1	1	14	30	33	12	40	31
AT3G09820.1	1	37.5	42.7	13.8	14.6	27.7	19.6
AT3G44890.1	1	15	31	31	25	22	34
AT5G14040.1	1	20	31	26	25	28	30
AT2G47730.1	1	23.5	42.1	26	18.1	37.2	19.9
sum208	1	21	38	27	14	30	14
AT4G22890.1	1	24	29	26	21	34	31
AT3G25530.1	1	22	34	23	14	25	28
AT1G72150.1	1	16.1	43	18	19.1	28.3	11
AT4G09320.1	1	19	26	26	21	26	29
sum95	1	17.6	23.6	22	19	21.2	17
sum201	1	15	15	44.1	0	21	41
AT5G53460.1	1	22	59	3	34	54	4
AT3G23990.1	1	11.1	20.5	31.6	22.7	23.2	29.9
AT5G38480.1	1	24.9	35.2	24.6	20	18.8	25
AT5G11670.1	1	13	23	34	12	18	25
AT1G18080.1	1	21	24.5	28.3	16	21	26.2
AT1G43670.1	1	26	31	19	21	22	22
AT1G32990.1	1	20	25	21	28	25	30
AT2G30870.1	1	23.5	25.4	22.6	15.4	34	28.4
AT5G30510.1	1	23	20	30	13	20	18
AT4G27520.1	1	26	30	16	28	23	19
AT3G16240.1	1	21	22	21	25	22	22
AT4G37910.1	1	24.6	29	31.2	23.3	25.2	22.3
AT2G01250.1	1	13.7	18.9	36.7	10.6	40.9	19.5
AT5G20290.1	1	27	29	27	13	17	31
AT3G11940.1	1	15	33.2	32	17.2	31	23
AT5G26742.1	1	13	13	31	19	32	31
AT1G59870.1	1	17	36	17	30	41	15
AT4G13930.1	1	17	16	21	24	21	24
AT5G13650.1	1	19	12	22	28	21	31
AT3G16640.1	1	22	34	16	22	23	17
AT1G71500.1	1	22	22	21	16	21	20
AT3G56940.1	1	21	27	21	17	26	17
AT2G24270.1	1	20	19	17	24	19	19
AT1G16880.1	1	20	20	28	20	25	22
AT4G33680.1	1	20	29	20	12	33	25
AT5G19760.1	1	23	36	27	21	21	23
sum24	1	15	12	18.9	24	41.1	35.1
AT2G21390.1	1	26	27	17	26.7	53.4	8
AT5G09650.1	1	17	32	25	12	23	26
sum17	1	17.8	11	17.1	14.5	45.9	16.4
AT3G23810.1	1	18.6	30	17.7	33.8	19.7	19.7
AT5G42650.1	1	20	17	23	22	22	16
AT1G11840.1	1	20.2	27.1	29.4	14.1	20.2	25.3
AT2G40490.1	1	21	27	23	14	21	15
AT1G03475.1	1	15	38	14	8	15	23
AT4G01800.1	1	19	48	9	27	27	6
AT4G26530.1	1	25.5	22.4	17.7	13.8	23.9	16.7
AT4G34450.1	1	16	36	14	26	41	7
sum100	1	17	15	20	22.1	24.9	23
AT4G20850.1	1	38	31	13	34	36	5
AT4G04020.1	1	20.3	31	28.3	19.4	18.4	15.2
AT1G32080.1	1	12	10	22	21	39	25
AT2G45470.1	1	19	32	21	20	32	11
AT3G02090.1	1	15	13	24	22	9	22
AT1G02560.1	1	20	23	26	14	20	28
AT3G23400.1	1	18	24	25	16	17	30
sum36	1	15	27	24	11	22	23
AT3G63140.1	1	16	28	15	10	15	16
AT2G05990.1	1	13	33	21	13	22	20
sum59	1	6	31	23	15	30	23
AT1G26630.1	1	20	30	6	13	33	12
AT2G35370.1	1	24.4	22	17.4	23.4	18.9	27
AT5G15200.1	1	16	16	32	8	25	25
AT5G10450.1	1	20.7	43.4	19.6	7	16.9	18.2
AT2G30110.1	1	24.9	42.8	7	30.8	25.8	8
AT5G63570.1	1	22.2	25	15.4	20.3	13.2	16.4
AT4G35830.1	1	13.5	39.4	10	29.4	33	8
sum60	1	24	28	10	34	35	6
AT1G16080.1	1	19	34	19	16	25	19
AT5G09810.1	1	29.1	18.5	16.2	12	16.8	13.6
AT1G78300.1	1	20.8	39.2	21.5	10.4	11.7	23
AT1G07320.1	1	17	22	30	9	18	24
AT5G04590.1	1	10	21	19	28	17	18
AT3G26520.1	1	26	19	17	23	21	17
AT1G24020.1	1	16	26	11	23	29	17
sum6	1	12.2	20	30.8	10	13	34.3
AT2G21660.1	1	15.7	30.7	10.7	25.8	19.5	22.9
AT5G55220.1	1	10	12	18	20	15	22
AT3G22960.1	1	12	17	16	25	13	23
AT5G15090.1	1	21	24	20.2	18	20	18.6
AT4G34870.1	1	19	15.2	12	30	17	17
AT2G24200.1	1	11.7	22.8	17.2	30.3	19.3	13.5
AT3G53460.1	1	16	25	26	14	16	15
sum21	1	12.1	31	11	9	25	21
AT4G34620.1	1	22	18	13	23	22	9
AT4G35000.1	1	14	25	21	11	13	32
AT1G55480.1	1	15	26	21	18	24	25
AT3G15730.1	1	21	21	28	22	26	2
AT3G08740.1	1	18	23	15	15	17	23
AT4G01150.1	1	15	14	23	19	22	21
AT1G35160.1	1	17.1	18.2	20.4	11.8	13.7	27.5
sum141	1	20	32	24	10	14	15
AT3G62530.1	1	9	26	14	13	25	19
AT3G04840.1	1	18.5	18.5	17.1	10	14.1	21.7
AT1G12840.1	1	16	27	20	12	19	19
AT5G06290.1	1	24.3	16.3	26.6	10.4	26	21.4
AT2G29450.1	1	16	27	22	8	19	18
AT2G33040.1	1	14	14	29	10	12	22
AT5G58330.1	1	18	18	17	17	20	23
AT1G54780.1	1	14	17	14	10	25	23
AT4G39330.1	1	21	21	16	9	19	18
AT5G19510.1	1	15.7	24	26	10	15	22
AT4G34200.1	1	6	15	24	16	15.3	22
AT4G02530.1	1	14	22	15	21	17	20
AT5G50850.1	1	17	14	24	10	12	23
AT1G35680.1	1	15	20	23	18	17	16
ATCG00770.1	1	16	10	20	12	21	8
AT2G36880.1	1	14.8	11.2	20.6	9.4	16	19.3
AT3G25920.1	1	15	25	17	10	22	18
AT1G80380.2	1	16	23	16	12	19	10
AT2G32240.1	1	13	47	4	24	28	15
AT5G61790.1	1	12.6	17.1	18	19	15	22
AT1G79040.1	1	14	19	24	19	17	23
AT4G12060.1	1	20	33	6	14	16	12
AT5G02240.1	1	11	27	25	7	9	23
sum96	1	15.6	14.3	21.6	15.6	19.9	15.9
AT4G11150.1	1	13	30	18	11	21	16
AT2G28190.1	1	16	25	15	13	17	16
AT5G02790.1	1	14	18	16	15	28	17
AT1G63940.1	1	16	17	16	21	12	14
AT4G24620.1	1	7	10	22	22	11	15
AT1G30230.1	1	7	16.4	26.7	8	13	29.6
AT1G50250.1	1	14.4	13.9	25	20	14.9	26
AT2G33800.1	1	12	17	25	14	10	19
AT2G44160.1	1	11	12.8	21.2	15.9	8.6	22.3
AT1G21750.1	1	6	19	19.6	19	5	23.3
AT1G27450.1	1	17	20.9	14	16	22	19
AT1G29880.1	1	12	13	23	13	17	25
AT3G01480.1	1	17	29	12	13	15	13
AT4G01690.1	1	11	8	22	18	9	15
AT1G29670.1	1	14	14	24	8	10	22
AT3G63410.1	1	18	15	20	9	18	19
AT1G56340.1	1	7	5	13	19	11	18
AT1G76080.1	1	15	28	19	6	18	17
AT5G65220.1	1	13	16	16	19	15	22
AT5G40950.1	1	8	15	20	16	13	25
AT3G18890.1	1	15	7	17	11	31	11
AT2G42590.1	1	15.3	25.9	16.3	10	14.2	18
AT5G47190.1	1	8.8	21.8	20	9.5	16	15.8
AT3G14310.1	1	20	20	20	12	18	16
AT2G30200.1	1	12	23	19	11	20	18
AT5G16050.1	1	16.3	19.3	15.9	8.8	14	15.3
AT2G05710.1	1	20.3	32.6	5	28	24	0
AT3G20390.1	1	14	19	15	17	19	15
AT1G35720.1	1	12	18	15	6	17	9
AT2G27710.1	1	14.1	23.1	9	19.7	15.6	14.4
AT2G27680.1	1	20	17	12	8	11	9
AT5G16710.1	1	12	18	14	11	28	11
AT5G46110.1	1	8	15	13	11	34	15
AT5G26570.1	1	22	33	10	22	28	1
AT3G03250.1	1	17.6	17.2	14	16.3	15.8	11.7
sum78	1	13	19	16	13	13	26
AT2G38230.1	1	9.7	18.2	28.8	10	13.3	21.1
AT5G54600.1	1	9	20	21	13	12	23
AT2G19730.1	1	11	15.3	14.1	15.6	22.7	13.6
AT1G73060.1	1	13	14	16	12	16	15
AT1G01790.1	1	20.3	13.8	10	25.2	26.1	3.5
AT3G11830.1	1	0	4	20	14	8	21
AT2G47390.1	1	21	26	7	16	24	6
AT2G27720.1	1	11.9	12.9	9	17.3	14.4	15.6
AT2G28900.1	1	13	15	14	17	17	16
AT1G74970.1	1	11	16	12	21	15	16
AT4G23600.1	1	18	10	22	6	14	17
ATCG00780.1	1	10	18	16	14	20	14
AT3G23600.1	1	12	25	12	11	20	11
AT1G32470.1	1	14.6	19	11.6	15.6	19.1	17.1
AT1G09310.1	1	13	29	14	7	12	8
AT5G42390.1	1	21	33	11	13	21	6
AT5G58250.1	1	11	20	14	19	14	11
AT3G15190.1	1	7	16	18	7	15	19
AT3G43300.2	1	13	18	14	23	37	10
AT3G63460.1	1	31	24	7	24	22	2
AT2G27530.1	1	9	13.2	14	15.8	26.8	18
AT2G21250.1	1	12	20	22	1	20	17
AT2G25080.1	1	12	19	10	20	13	15
AT5G46800.1	1	14	22	16	14	14	16
AT1G22700.1	1	11	13	11	18	16	14
AT1G70410.2	1	20	17	11	11	10	18
AT5G20630.1	1	17	24	11	7	9	22
AT1G67280.1	1	16.8	25.9	20.6	11.9	13.8	13.7
AT5G13450.1	1	13	22	15	12	20	12
AT3G25770.1	1	13.2	16.5	16.2	8	17	16.6
AT3G02080.1	1	7.5	14.7	15.4	14.5	14.1	13
AT3G52140.1	1	10	31	7	27	19	7
AT4G08390.1	1	10	21.5	13	7	21	15
AT1G74470.1	1	15	6	13	16	13	16
AT3G03960.1	1	0	11	17	12	10	17
AT4G25080.1	1	10	34	12	5	13	17
AT1G74260.1	1	20	25	16	20	19	3
sum23	1	18	16	16	8	17.1	12
AT3G62120.1	1	2	6	21	14	3	17
AT4G34110.1	1	18.9	14.3	9.5	14.1	13.5	15
AT1G64520.1	1	6	34	17	2	11	18
AT4G24770.1	1	12	7	16	6	12	18
AT1G03630.1	1	21	21.8	8.3	5	6.6	9.1
AT3G48110.1	1	11	23	9	8	21	3
AT4G35250.1	1	12	15	15	6	15	13
AT3G16140.1	1	6	13	8.4	19.2	14.3	10.5
AT5G17710.1	1	11	22	12	11	11	11
AT4G13430.1	1	13	12	9	18	13	11
sum109	1	20	26	0	20	17	1
AT5G14200.1	1	9.9	23.5	16.2	5.7	22.2	10.9
AT1G13930.1	1	18	15	6	21	6	12
sum124	1	16.6	25	15.2	12.2	11.8	18.8
AT5G17170.1	1	13	13	11	14	13	12
AT4G34050.1	1	19	17	12	11	12	9
AT5G59880.1	1	8	15	13	17	10	16
AT1G64790.1	1	12	19	4	16	51	9
AT1G52510.1	1	12	18	8	7	6	10
AT5G19220.1	1	10	11	8	14	11	12
AT5G15450.1	1	21	33	2	16	21	1
AT4G27700.1	1	16	27	5	12	12	13
AT5G42980.1	1	14	18	9	18	12	9
AT2G40840.1	1	6	31	8	17	18	0
AT4G14040.1	1	14	12.3	11.6	18.4	17	10.4
AT5G53490.1	1	5	18	15	14	19	16
AT3G63190.1	1	11	15	12	11	18	15
AT5G41520.1	1	12	11	17	13	12	19
sum13	1	11.1	6	9	20	19	11
AT3G14067.1	1	6	11	14	14	10	14
AT1G17880.1	1	19	17	10	15	8	10
AT4G35100.1	1	15	8	7	19	18	11
AT1G08520.1	1	11	25	12	13	24	8
AT2G33210.1	1	1.9	12.6	18.1	11.3	7.3	16.4
AT2G20580.1	1	8	35.1	5.5	11	26	5.5
AT1G22300.1	1	11.2	24.3	13.3	8	11.1	11.7
ATCG00670.1	1	14	14	10	8	10	13
AT1G73230.1	1	16	17	8	11	10	11
AT1G56450.1	1	10	15	11	9	20	14
AT5G40450.1	1	15	67	0	25	25	0
AT2G44060.1	1	9	16	15	0	19	9
AT4G34670.1	1	10.5	3.5	8.9	9	10.9	15.3
AT4G24830.1	1	10	9	5	21	13	9
sum1	1	8.3	17.3	12.4	8.7	19.3	8.7
AT2G44120.1	1	8.8	12.5	16.5	2.4	17.8	18.9
AT3G10920.1	1	10	25	8	10	18	12
AT3G22890.1	1	13	5	13	11	12	19
AT5G03300.1	1	12.5	23.3	12.2	8.4	16.3	8.4
sum31	1	12	26	18	12	11.1	6.9
sum31	1	12	26	18	12	11.1	6.9
AT1G43170.1	1	11	5	21	3	27	14
AT3G01280.1	1	11	24	11.8	3	12	14.4
AT1G50480.1	1	8	18	13	15	14	10
AT5G14320.1	1	5	16	12	12	14	8
AT4G26970.1	1	9.3	30	6	20.6	18.9	2
AT1G65260.1	1	9	8	19	15	19	11
AT1G52230.1	1	9	13	10.6	4.8	10.7	18.5
AT3G26450.1	1	6	15	13	15	12	13
AT1G08380.1	1	13	4	11	10	5	11
AT4G20260.1	1	8	17	12	6	9	17
AT5G64040.1	1	9	12	4	15	12	5
AT3G53420.1	1	6	6	9	4	26	8
AT4G38740.1	1	6	18	12	9	7	15
AT2G36460.1	1	13.2	17.9	13.7	8.3	11.9	6
AT1G22530.1	1	17.9	25	8	19.9	31.7	0
AT5G40770.1	1	10	12.7	15	12	13	10.4
ATCG00810.1	1	9	15	13	15	14	13
AT2G46820.1	1	10	14	9	13	16	8
sum202	1	6	14.5	13.7	0	8	14.8
AT1G74920.1	1	0	14	11.8	11.9	10	8
sum14	1	8	15.2	9.2	10	12	13.2
AT3G02870.1	1	12	10	13	9	11	13
AT5G48300.1	1	10	6	10	14	10	13
AT1G03680.1	1	17	16	11	14	10	11
sum20	1	12	9	12	13.8	15.9	6.9
AT5G19820.1	1	20	21	15	14	13	1
AT3G55040.1	1	13	21	12	13	6	11
AT3G25860.1	1	9	9	11.6	11.5	9.3	9.3
AT2G39990.1	1	10	17	16	9	12	14
AT3G52300.1	1	14	18	8	10	7	11
AT1G62780.1	1	8	18	9	7	15	14
AT5G09590.1	1	13.4	14	15.2	3.7	13.7	11.7
AT3G06650.1	1	0	6	13.6	12.8	14.4	9.6
ATCG00730.1	1	12	9	13	12	16	13
AT2G29630.1	1	2	13	16	22	10	13
AT1G29660.1	1	9	17	15	3	10	14
AT5G01410.1	1	3.3	9.8	18.2	6	16.7	19.9
AT3G61440.1	1	12	15	7	9	10	8
AT1G65980.1	1	14	15	5	13	4	11
AT5G35360.1	1	8	7	6	7	13	11
AT3G46740.1	1	8	14	10	10	19	10
AT2G38040.1	1	12	28	5	13	10	6
AT5G22800.1	1	9	20	9	16	18	1
AT4G26690.1	1	10	20.3	8	10	19.4	7.4
AT3G26070.1	1	12	17	7	15	6	13
AT1G66200.1	1	12	13	12	9	14.5	10.6
AT3G49010.1	1	7	10.9	18	8	21.4	14
AT2G23350.1	1	7	10.6	11	13	9	9
AT1G48350.1	1	11	12	15	12	12	10
AT1G09130.1	1	11	17	9	6	10	11
AT3G52380.1	1	8	10	12	7	11	14
sum15	1	14	11.2	9.2	13.2	6	8
AT1G49760.1	1	11.1	13	9.5	12.9	13.5	11
sum63	1	4	8	10	13	15	14
AT5G05010.1	1	5	10	14	16	11	10
AT3G19820.1	1	4	10	12	18	7	11
AT3G01440.1	1	13	11	7	10	10	6
AT2G40100.1	1	5	7.3	11.5	8.2	20.8	18.5
AT4G12420.1	1	11	14	11	17	14	8
AT5G16130.1	1	7.3	12.2	19.1	2	13.4	10.5
AT1G67700.1	1	12	13	14	9	8	10
sum131	1	5	10	14	6	16	12
sum30	1	10	12	9.9	8	16	9.9
AT1G01090.1	1	10	19	11	7	12	14
AT1G69740.1	1	13	11	8	3	9	10
AT5G19940.1	1	7	20	7	6	6	9
AT4G33090.1	1	9	27	14	11	16	1
AT5G42740.1	1	6	7	14	10	10	12
AT1G57720.1	1	10	5.6	8.3	12.6	14.4	5
AT1G18500.1	1	7.5	12	14	4.5	5	5.3
AT2G47840.1	1	8	12	8	12	12	9
AT1G15140.1	1	10	15	10	9	17	12
AT3G06050.1	1	12	17	9	10	6	11
AT2G22125.1	1	6	17	7	15	29	5
AT2G24020.1	1	12	18.5	5	11.8	8.6	10
AT3G63540.1	1	13	15	2	8	10	8
AT5G28840.1	1	13	8	9	11	9	9
AT3G16000.1	1	4	9	9	8	13	22
ATCG01110.1	1	11	10	8	4	15	8
AT3G51260.1	1	11	14	11	8	8	7.2
sum101	1	10.2	10.6	9.4	6.8	9.6	13.6
AT1G03600.1	1	11	11	11	10	10	9
AT4G29350.1	1	7	10	10	14	11	8
AT2G21870.1	1	9	29	4	5	12	12
AT5G65430.1	1	12.9	18.4	7	10.2	18.5	12.9
sum210	1	4	8	11	10	8	15
AT3G12390.1	1	11	12.8	11	5	10	5.5
AT5G37510.1	1	7	8	14	11	12	10
AT1G17650.1	1	6	13	15	10	9	9
AT1G23820.1	1	9.2	15.4	4	6	10.2	7
AT1G52400.1	1	3	9	13	12	10	10
AT1G79850.1	1	8	11	10	8	11	9
AT4G25370.1	1	15	17	3	6	6	7
AT1G04420.1	1	12	16	12	6	8	9
AT5G03880.1	1	6	6	11	6	6	17
AT5G53480.1	1	7	17	7	19	14	5
AT1G53310.1	1	2.4	20.3	8.7	8.7	17.1	4
AT4G23850.1	1	3	13	13	10	16	10
AT4G18440.1	1	5	10	13	15	5	11
sum133	1	5	11	11	3	16	10
AT1G56500.1	1	13	21	6	6	11	1
AT2G18020.1	1	10	8	11	7	13	14
AT2G35410.1	1	10	9	11	9	10	8
AT3G10520.1	1	4	11	10	7	13	16
AT4G39260.1	1	9.3	12.3	8.3	10.2	10.5	12.1
AT5G14260.1	1	9	5	11	10	11	10
AT5G19140.1	1	10	17	8	9	12	8
AT2G42130.3	1	10	21	9	6	8	14
AT4G34120.1	1	10	17	8	11	5	11
AT4G22240.1	1	11.7	14	9.7	7.6	7.6	10.8
AT5G14910.1	1	7	9	6	9	6	10
AT1G65960.2	1	11	5	5	17	10	6
AT1G69830.1	1	9	19	7	8	24	1
AT4G37980.1	1	12	14	8	4	12	5
AT3G49910.1	1	3	4	13	2	11	7
AT5G35530.1	1	6	10.9	13.8	6.3	6.6	16.4
AT4G10480.1	1	10	3	14	9	14	13
AT3G59780.1	1	5	10	7	9	7	16
AT1G12410.1	1	8	13	11	6	16	6
AT2G36830.1	1	4	1	11	9	6	19
AT4G29840.1	1	4	5	11	10	7	5
AT1G08200.1	1	12.8	6.2	8.5	6.1	9	13.5
AT5G27850.1	1	4	8	13	3	10	11
AT5G63310.1	1	4	9	10	9	11	10
AT5G51110.1	1	15	10	5	8	9	10
AT5G48810.1	1	8	7	6	13	10	8
AT4G29410.1	1	8	8.7	5.9	9.4	8.3	11.4
AT4G27090.1	1	1.5	8.7	9	0	6.4	5.3
AT4G01050.1	1	2	0	8	10	13	11
AT4G03520.1	1	7	10	9	11	12	11
AT5G63400.1	1	11	15	8	8	10	7
AT2G47470.1	1	12	18	5	3	9	7
AT3G12290.1	1	7	12	12	4	11	13
sum117	1	6	8	13	4	20	12
AT3G56150.1	1	6	4	8	7	26	0
AT5G61780.1	1	11.7	14	4	10	15	0
AT3G04920.1	1	5.4	7	11.2	10.2	10.3	10
AT2G20420.1	1	13	19	11	5	7	6
AT5G38660.1	1	11	11	8	9	6	10
AT1G36160.1	1	7	8	2	13	37	5
AT1G77490.1	1	6	17.5	6	4	13	7
AT2G20260.1	1	9.4	4.8	9.8	5.6	9.6	7
AT3G48990.1	1	7	7	7	10	8	6
sum94	1	3	13	10.6	8	13.4	13.6
AT2G41530.1	1	9	15	12	6	6	8
AT2G21530.1	1	7	12	8	12	14	8
AT3G29360.1	1	4.3	6.4	6.7	7.8	13.3	11.4
AT3G56650.1	1	7	13	7	6	10	11
ATCG00380.1	1	3	6	15	4	16	8
sum83	1	0	8	18	0	10	13
AT5G18380.1	1	4	10	9.3	8.5	6	9.7
AT3G09260.1	1	3	9	7	4	8	8
AT5G02870.1	1	11.8	1	8.5	5	10.5	13
AT1G30630.1	1	9	21	8	3	5	8
AT3G52150.1	1	4	11	12	4	13	6
AT1G03860.1	1	6	17	15	6	8.6	7
AT4G10320.1	1	11	16	8	9	18	1
AT1G20950.1	1	8	10.8	8	10	10.8	4
ATCG00580.1	1	5	5	12	4	9	6
AT1G17100.1	1	7	13	8	8	15	6
AT4G09040.1	1	12	7	10	5	4	10
AT1G71220.1	1	7	31	3	23	7	2
AT5G54500.1	1	8	7.2	9	10	9	6
AT5G13120.1	1	12	12	6	6	8	8
AT5G43940.1	1	19	7	7	6	5	5
AT3G23940.1	1	0	4	16	6	7	13
AT3G54640.1	1	11	21	8	8	4	10
AT3G05350.1	1	7	12	4	3	11	8
AT1G66430.1	1	10	13	6	2	11	4
AT4G26300.1	1	2	6	11	8	1	15
AT3G05900.1	1	9	23	3	10	18	0
AT5G12470.1	1	5	13	4	4	6	6
AT5G21430.1	1	13	10	2	5	4	8
AT5G03940.1	1	4	5	14	4	11	12
ATCG00790.1	1	8	9	5	9	9	12
AT1G02780.1	1	10	5	6	9	15	7
AT2G42210.1	1	7	8	6	11	6	11
AT5G67500.1	1	6	18	8	2	10	7
AT5G58260.1	1	5	7	6	10	12	10
AT4G36810.1	1	6	10	11	4	4	5
AT4G17040.1	1	9	8	10	7	12	10
AT1G30580.1	1	8	0	9	5	15	9
AT1G11750.1	1	10	9	7	8	5	4
AT5G26830.1	1	3	8	7	9	14	8
AT1G66670.1	1	9	15	8	6	7	8
AT3G54210.1	1	4	6	8	5	8	8
AT1G34000.1	1	5	12	5	7	11	7
AT2G43910.1	1	4	16	9	5	12	8
AT5G65620.1	1	9	22.1	16.9	12.4	17.3	19.1
AT3G05560.1	1	3.5	4.7	10.4	4.5	7.5	12.8
ATCG00150.1	1	7	3	9	5	8	9
AT2G20450.1	1	8.5	4.3	9	11	9.6	9.7
AT2G43090.1	1	4	9.3	5	7.1	17.3	7
AT2G27860.1	1	9.2	4.8	8.5	6.9	9	8.5
AT4G32470.1	1	5	9	4	8	9	8
AT1G24360.1	1	8	11	8	9	10	8
AT3G48420.1	1	9	16	7	5	6	9
AT1G12250.1	1	10	14	3	6	4	9
AT5G19550.1	1	13	19.6	5.4	4	8.4	4
AT5G49460.1	1	8	9	3.4	11.3	3.6	6.4
AT2G19760.1	1	8	8	5	9	11	8
AT5G28500.1	1	6	5	8	6	6	10
AT1G31180.1	1	5.9	9.3	11.3	7.6	7.9	12.7
sum214	1	6	9	12	4	7	7
AT4G23100.1	1	11	5	9	11	5	3
sum7	1	6.5	11.5	3.5	12.5	8.5	5.5
AT2G31670.1	1	6	16	6	4	13	4
AT1G70890.1	1	5	16	5	8	7	0
AT4G18100.1	1	2	6	9.4	7.7	10.6	12.3
AT4G31700.1	1	0	11	12.3	6.7	4	4.3
AT5G67360.1	1	6	6	8	9	10	11
AT5G53560.1	1	7	9	2	11	11	6
AT2G33150.1	1	11	5	6	3	4	7
AT1G50200.1	1	7	12	3	9	12	1
AT5G15650.1	1	11.1	12	7	3	7.6	6
AT4G02930.1	1	7	8	6	2	9	9
AT1G33590.1	1	8	2	11	1	3	5
sum22	1	7	11	8	4	12.9	9
AT1G76160.1	1	5	9	3.5	12.3	1	7
AT2G34460.1	1	4	8	9	8	6	8
AT5G65010.1	1	2	7	6	7	6	10
AT3G57560.1	1	6	6	13	3	9	11
sum42	1	7	4	0	11	5	6
AT5G23890.1	1	8	14	5	11	11	0
AT5G66530.1	1	5	6	5	8	8	10
AT3G61220.1	1	6	13	5	4	4	7
AT1G48830.1	1	6	3	9	5	4	10
ATCG00160.1	1	6	8	12	2	10	6
AT5G57870.1	1	8	10	6	6	8	7
AT4G39970.1	1	6	12	8	5	8	7
AT3G24190.1	1	3	8	10	7	11	8
AT5G54160.1	1	8	14	7	4	9	8
sum108	1	4	8	7	3	6	7
AT4G37800.1	1	10	3	8	7	12	3
AT4G24750.1	1	8	12	4	7	9	5
AT1G09750.1	1	5	5	8	8	9	5
ATCG01100.1	1	14	5	4	9	10	5
AT1G76450.1	1	7	8	5	12	6	9
AT3G10060.1	1	7	9	6	9	3	5
AT1G62380.1	1	5.3	7.3	7	4	6.9	3
AT1G09640.1	1	8	7.4	3.7	6.4	8.6	4
AT1G18540.1	1	1.7	6.4	6.7	5.1	8.3	10.5
sum106	1	2	12	5	7	6	8
AT4G11010.1	1	2	2	8	5	7	12
AT2G06850.1	1	9	6	5	7	9	3
AT1G31230.1	1	12.8	11.9	3	11.7	9.3	0
sum2	1	2.4	6.4	10.4	4	10.4	6.4
AT3G48000.1	1	3	5	6	8	8	9
AT3G27925.1	1	8	3	2	3	4	5
ATCG01120.1	1	5	6	9	8	6	7
AT2G44650.1	1	3	8	10	8	5	8
AT3G27890.1	1	10	17	7	6	3	6
AT5G55730.1	1	5	11	6	4	10	4
AT5G62790.1	1	12	2	7	4	3	10
AT2G30970.1	1	5	13	9	2	12	6
AT3G53900.1	1	4	13	14	1	11	6
AT5G10360.1	1	9	5	12.7	3.3	8	12.8
sum34	1	7.2	5.3	7.1	7.2	10.5	4.5
AT4G08870.1	1	5	10	6	4	6	4
AT2G38270.1	1	7	9	10	2	12	8
AT2G44920.2	1	9	7	5	10	2	10
AT3G58730.1	1	6	12	13	2	4	12
AT5G17310.2	1	4.4	3.8	0	8.7	5.3	9.3
AT4G17600.1	1	3	9.4	8.3	2	6	12.3
AT2G43710.1	1	9.3	12.6	4.5	4	5.3	3
AT3G55330.1	1	6	5	4	7	10	12
AT2G42220.1	1	3	6	5	9	11	7
AT4G30530.1	1	5	11	8	4	11	7
AT1G55670.1	1	3	5	11	4	9	13
AT1G30360.1	1	4	8	5	10	17	4
AT1G75350.1	1	6	6	8	4	5	17
AT3G23490.1	1	9	6	4	12	2	7
AT5G65020.1	1	3	5	12	1	5	11
AT1G20960.1	1	3	12	2	7	30	1
AT1G06690.1	1	7	8	6	4	6	5
AT1G29250.1	1	6	7	6.7	7.5	7	6
AT1G01100.1	1	8	8.3	3.5	10.6	6.5	4.7
AT4G16143.1	1	0	0	9	8	5	4
sum65	1	0	8.8	5	2.3	11.2	4
AT3G47070.1	1	3	10	4	9	5	10
AT5G18660.1	1	6	8	9	3	5	8
AT1G47128.1	1	6	10	6	4	2	7
AT3G19710.1	1	9	14	5	1	5	4
AT1G02280.1	1	5	7	13	6	3	11
AT5G52920.1	1	0	4	10	10	2	7
AT5G27770.1	1	3.5	9.3	13.6	4.5	7.5	4.3
AT3G07770.1	1	10.6	13.7	5.6	8.1	4.7	0
AT1G02500.1	1	0	6.1	8.9	3.1	2.6	4.6
AT1G64510.1	1	11	10	6	5	7	2
AT4G25130.1	1	7	15	4	6	12	3
AT4G17560.1	1	6.3	8.2	12	3.5	2	3.2
AT5G07350.1	1	5.3	9	1	7	15	0
AT3G02230.1	1	9.9	12	5	5	6.4	5
AT1G16890.2	1	6.7	6	3	10.3	10	5
AT2G01210.1	1	1	13	14	3	7	0
AT4G33510.1	1	5	5	5	8.8	3.8	5
AT5G47110.1	1	11	13.6	2.8	6	4	6.7
AT1G70310.1	1	7.8	7.6	5	0	4.8	3
AT5G20890.1	1	3	2	9	6	7	8
AT1G14810.1	1	7	8	4	4	7	7
AT1G08830.1	1	4	10	6	5	7	9
ATCG00420.1	1	1	4	3	11	16	9
AT4G21210.1	1	6	3	10	2	6	8
AT1G48600.1	1	4.5	3	7.2	4	8	4
sum115	1	0	3	13	10.2	2	5.6
AT3G27240.1	1	8	13.3	6	3	4.7	5
AT1G15930.1	1	5	5.1	5.3	7.8	7.5	4
AT5G35170.1	1	2	2	6	8	6	5
AT3G16420.1	1	3	7	7	7	4	7
AT3G14110.1	1	7	7	6	7	3	7
AT1G14610.1	1	10	19	0	12	9	1
AT5G60640.1	1	4	14	1	6	14	0
AT3G07110.1	1	4	4	13.5	1.3	12.9	7.2
AT3G22110.1	1	6	12	4	5	5	5
AT2G20610.1	1	7	5	6	7	4	7
AT4G37000.1	1	4	5	10	6	5	11
AT3G49470.1	1	4	4	11	3	4	8
AT5G46290.1	1	10	3	0	9	6	2
AT4G35450.1	1	9	12	3	1	10	2
AT1G23290.1	1	5	3	7	9	7	5.6
AT3G16470.1	1	4	4	3	6	7	6
AT2G10940.1	1	6	6	7	5	6	4
AT1G16720.1	1	1	2	9	3	5	3
sum91	1	3	4	8	4	4	7
AT1G17220.1	1	5	8	6	7	7	3
AT1G75280.1	1	3	4	10	3	4	10
AT4G17090.1	1	0	5	7	9	7	0
AT3G03710.1	1	7	13	3	6	4	0
AT1G25490.1	1	0	6.6	8	2	0	8.8
sum37	1	3	3.9	7	3.9	9	13
AT4G02620.1	1	2	5	7	5	6	6
AT5G43830.1	1	6	10	10	4	5	7
AT3G20050.1	1	5	1	3	9	5	7
AT3G04550.1	1	6	2	5	7	5	4
AT2G35490.1	1	6	9	7	2	4	6
AT2G41560.1	1	8	8.7	3	9	7	2
AT2G31570.1	1	6	8	7	5	4	8
AT4G28440.1	1	5	8	3	7	3	11
AT5G45680.1	1	6	10	1	7	12	2
AT5G28060.1	1	3.6	7	4.8	5.8	7.7	10
AT1G77510.1	1	3	10	5.4	9	2	4.7
AT4G31300.1	1	6	14	2	6	6	5
AT1G77590.1	1	4	4	3	7	6	6
AT1G11430.1	1	11	4	2	4	4	3
AT2G26340.1	1	5	6	5	4	8	8
AT1G51110.1	1	7	10	6	3	7	2
AT4G11420.1	1	5	5	0	12	15	0
AT1G13280.1	1	7.1	10.3	2.4	6	0	4.4
AT4G16155.1	1	4.7	5	4	8	4	6
AT3G02560.1	1	5.7	12.8	7.9	0	6.6	5.5
AT2G01140.1	1	5.1	9.4	2.2	2	5.7	3
AT5G10540.1	1	3	9	6.1	10.6	5.8	6.9
AT4G02450.1	1	4	3	6	2	4	4
AT3G18190.1	1	0	1	10	4	4	7
AT5G37850.1	1	8	15	7	3	5	8
AT3G24503.1	1	4	7	6	5	5	2
AT3G49870.1	1	4.2	9.3	2	5	5.6	7
AT3G18420.1	1	10	9	2	4	4	4
AT3G14930.1	1	8	8	4	3	7	5
AT3G09630.1	1	5.2	0	8.5	1	4.5	6
AT4G18810.1	1	0	0	7	11	4	5
AT3G48560.1	1	1	7	2	2	1	10
sum25	1	3	6	9	0	8.1	7.9
AT4G30920.1	1	5.3	4.2	5.8	3.7	5.7	4.5
AT1G47260.1	1	4.2	9.6	6.4	4.7	6	6
AT1G53850.1	1	4	11.2	4.7	1.8	8	4.3
AT4G31530.1	1	9	7	5	4	7	5
AT1G78680.1	1	9	6	5	4	3	5
AT2G23600.1	1	5	7	4	4	4	8
AT5G24490.1	1	7	7	6	5	2	8
AT1G01800.1	1	5	9	7	2	4	10
sum18	1	0	6	0	6.8	4	3.2
AT4G39730.1	1	4	5	2	8	11.7	5
AT5G55280.1	1	5	6	7	4	5	6
AT1G27970.1	1	4	6	6	7	7	6
AT1G77090.1	1	9	10	6	5	1	4
AT1G12800.1	1	4	10	0	4	10	0
AT1G78570.1	1	2	6	6	3	12	15
AT5G47700.1	1	5	4.8	5.5	7.4	6.5	2.3
AT1G63000.1	1	7	12	4	3	4	3
AT5G52840.1	1	6	6	7	5	4	7
AT5G23010.1	1	6	6	2	4	6	3
sum80	1	4	6	7	4	5	8
AT3G16910.1	1	5	5	4	6	2	5
AT4G00810.1	1	8	4	2	10	4	5
AT5G03630.1	1	12	2	2	8	0	4
AT4G16660.1	1	7	18	5	8	3	0
AT5G16970.1	1	7	11	0	0	2	0
AT3G02520.1	1	4.8	7.2	7	5.3	4.9	9.4
AT1G12000.1	1	2	3	5	8	2	6
sum122	1	6	3	8	4	5	7
AT2G09990.1	1	4	5	7.7	4.5	6	8.3
AT1G10370.1	1	9	12	5	3	3	4
AT1G68590.1	1	1	10	8	4	5	7
AT1G18060.1	1	8	6	6	5	4	10
AT5G13410.1	1	3	4	2	3	2	6
AT3G53580.1	1	4	7	7	1	6	5
AT3G28940.1	1	6	9	4	7	4	1
AT3G14290.1	1	4	10.8	6.3	5.3	8	1.7
AT5G08650.1	1	2	5	8	6	8	8
ATCG00750.1	1	4	3	9	6	5	6
AT3G56460.1	1	6	4	8	4	6	4
AT5G16440.1	1	5	4.7	4.8	2	3	6
AT3G58140.1	1	5	12	3	2	7	3
AT1G54500.1	1	7	7	4	8	4	0
AT5G56680.1	1	4	11	4	5	7	7
AT4G19170.1	1	1	8	5	3	3	4
AT3G26710.1	1	4	3	2	4	7	4
AT1G47420.1	1	4	9	3	5	9	2
AT3G63160.1	1	2	14	5	1	6	2
AT5G10860.1	1	4	11	2	2	0	3
AT1G79210.1	1	1.5	0	11	4	10	12
AT1G52670.1	1	10	7	3	4	5	4
AT4G38350.1	1	5	6	3	9	6	3
AT4G21150.1	1	5	8	4	9	6	1
AT5G26360.1	1	0	5	3	9	0	5
AT2G39800.1	1	0	6	2.7	0	9	5.5
AT1G01080.1	1	4	5	4	4	7	4
AT5G12140.1	1	3	7	6	3	3	6
AT4G38800.1	1	3	9	8	2	5	7
ATCG00560.1	1	3	5	7	9	7	3
AT1G62390.1	1	2	11	1	7	9	1
AT4G35260.1	1	4	11.7	2	2	8	2
AT2G35040.1	1	0	6	5	8	2	2
AT5G23540.1	1	4	1	8	0	4	12
AT1G05010.1	1	8.8	8.7	0	4	4.1	3
AT1G75330.1	1	4	5	4	3	5	4
AT4G39710.1	1	3	6	2	6	6	5
AT3G02730.1	1	4	4	7	4	6	7
AT2G04842.1	1	5	5	4	5	9	3
AT5G27470.1	1	6	0	8	10	3	6
sum93	1	0	6	5	0	7	10
AT3G60820.1	1	3	7	6	4	5	4
AT1G80600.1	1	6	11	0	5	5	5
AT1G72640.1	1	5	6	2	6	5	6
AT5G33320.1	1	7	3	4	2	5	4
AT3G01120.1	1	6	4	2	10	4	3
AT1G79230.1	1	2	6	6	0	6	6
AT4G09670.1	1	5	14	5	0	5	4
AT2G20360.1	1	8	10	1	0	3	2
sum87	1	4	8	6	0	4	6
sum77	1	0	5	4	3	7	0
AT3G49120.1	1	4	8.3	6	0	0	7
sum4	1	3	5.4	4.4	4.8	9	3
AT3G18060.1	1	3	5	4	7	6	5
AT5G36210.1	1	6	8	5	7	5	6
AT2G25450.1	1	7	9	2	1	5	2
AT1G80560.1	1	7.2	4.2	1.4	1.8	5.9	3.3
AT3G24830.1	1	3	3	7.5	2.5	8.1	6
sum211	1	7	7	6	0	5	5
AT3G19450.1	1	11	6	4	4	3	3
AT2G45790.1	1	5	13	3	2	4	6
AT4G17170.1	1	4	9	3	3	8	4
AT5G64290.1	1	5	5	3	6	4	3
AT2G47940.1	1	2	6	6	5	2	6
AT1G43560.1	1	5	4	2	6	3	3
AT5G55480.1	1	12	14	0	4	8	0
AT3G57610.1	1	5	4	3	2	5	0
AT1G21440.1	1	4	7	6	2	5	3
AT4G15000.1	1	0	7	4	2.5	10.8	4
AT4G00630.1	1	2.7	5.2	4	4.8	9.9	3.5
AT3G13580.1	1	2.6	7.6	5.8	0	7.3	4.6
AT1G14410.1	1	7	8	6	3	4	4
AT2G21385.1	1	4	6	4	3	6	7
AT1G14345.1	1	2	3	5	9	6	6
AT1G48520.1	1	1	0	6	9	2	7
AT2G17340.1	1	5	8.8	4	4	5	0
AT4G14030.1	1	7	3.7	3.4	9.6	3	2.6
AT1G70600.1	1	5	3	7	0	7	8.4
AT3G52990.1	1	0	0	5	12	5	3
AT5G62350.1	1	5	8	3	3	3	4
AT3G55120.1	1	6	9	3	3	6	5
AT3G52730.1	1	3	2	6	3	6	4
AT3G56190.1	1	8	10	0	4	3	3
AT5G57290.1	1	3	4	4	5	9	4
AT3G11710.1	1	5	1	7	6	3	5
AT4G00570.1	1	1	2	6	5	1	5
AT4G34090.1	1	6	2	5	2	3	8
AT2G19480.1	1	0	0	7	7	2	2
AT4G19710.2	1	1.2	11.1	4	2.3	5.7	2
AT4G38220.1	1	6	2	5	3	4	3
AT1G24510.1	1	0	0	3	6	4	5
AT5G12860.1	1	6	3	4	5	9	4
AT5G52520.1	1	4	3	9	3	2	5
AT5G10470.1	1	0	7	2	5	9	3
AT5G64270.1	1	5	6	5	2	6	3
ATCG00660.1	1	0	7	2	3	8	2
AT5G20920.1	1	5	8	0	0	0	2
AT3G12345.1	1	2	5	6	6	5	6
AT5G63890.1	1	4	3	4	8	8	6
AT1G70820.1	1	1	5	5	4	2	5
ATCG00820.1	1	3	4	6	2	8	2
AT3G49720.1	1	4	4.8	6	5	5	4
sum125	1	3.4	5.6	1.6	8.4	8.6	5.6
AT1G79440.1	1	5	3	2	5	5	5
AT1G78870.2	1	3.3	6	3	2.8	5	3
AT1G32220.1	1	3	10	5	3	6	6
AT5G14780.1	1	7	7	3	2	5	4
AT5G04430.1	1	4	7	4	2	5	4
AT4G15510.1	1	5	4	6	2	3	5
AT2G39470.1	1	3	3	2	6	4	3
AT5G67030.1	1	2	3	3	5	5	2
AT2G45740.1	1	1	5	4.5	1	12.8	9
AT5G49650.1	1	1	1	5	3	3	4
AT5G17530.1	1	0	3	3	7	6	6
AT5G07020.1	1	4	9	2	4	5	3
AT5G64460.1	1	4	9	8	5	6	3
AT3G23700.1	1	1	12	2	3	6	3
AT1G45474.1	1	4	7	6	2	6	7
AT4G25050.1	1	4	2	5	4	3	8
AT5G23140.1	1	2	6	2	2	8	6
AT3G17020.1	1	1	3	3	2	8	6
AT5G40370.1	1	6	9	2	7	3	4
AT1G30690.1	1	6	9	3	5	6	1
AT5G11450.1	1	5	8	2	1	4	1
AT1G31190.1	1	2	5	3	0	3	6
AT3G20000.1	1	5	4	1	1	5	0
AT4G35630.1	1	4	7.9	2	2	5	3
AT2G19940.1	1	5	7	3	4	6	5
AT2G20270.1	1	4	4	2	4	4	5
AT3G10670.1	1	3	4	3	3	4	8
AT5G51100.1	1	6	5	4	5	6	2
AT5G47840.1	1	5	6	1	4	9	2
AT3G61870.1	1	8	3	5	5	3	1
AT1G19670.1	1	4	6	4	0	2	3
AT3G08030.1	1	7	5	3	0	4	2
sum118	1	12	7	4	5	0	3
sum118	1	12	7	4	5	0	3
sum107	1	0	8	0	0	12	0
AT5G01650.1	1	2	5	7	3	4	5
AT3G57290.1	1	4	1	2	5	4	5
AT3G13930.1	1	0	2	5	4	4	3
AT1G17050.1	1	4	5	2	2	4	5
AT4G16390.1	1	6	5	3	2	4	2
AT5G20280.1	1	5	3	4	6	8	3
AT5G17990.1	1	3	8	6	3	9	5
AT5G62810.1	1	8	8	0	7	4	3
AT2G04039.1	1	7	5	3	5	3	2
AT4G25450.1	1	3	4	0	8	4	2
AT5G49030.1	1	2	9	1	3	4	0
AT4G11600.1	1	6	7	2	2	3	3
AT5G13030.1	1	3	4	1	4	3	4
AT4G38680.1	1	4	5	3	5	4	4
AT2G02740.1	1	3	6	6	2	3	4
AT1G08110.1	1	5	12	2	2	4	2
AT4G29670.1	1	4	4	0	5	10	5
AT5G64940.1	1	1	3	4	4	7	3
AT5G20500.1	1	4	9	3	5	5	2
AT5G64350.1	1	4	5	2	5	4	2
AT3G49680.1	1	4	9	2	2	5	2
AT1G14150.1	1	1	5	3	3	7	2
AT4G16760.1	1	2	8	4	4	8	2
AT4G31180.1	1	2	9	2	7	7	0
AT5G58070.1	1	4	9	2	5	1	2
AT3G02780.1	1	6	9.3	1.2	0	1	6
AT5G20080.1	1	4	12	7	0	0	6
AT3G48690.1	1	7	4	1	0	0	0
AT2G21580.1	1	2.8	2.7	2.9	4.8	6.5	4.5
AT1G58080.1	1	5	5.8	2	3	4.6	3
AT1G52360.1	1	4.5	6.7	0.7	12	8.8	0
AT4G24820.1	1	7	6	2	4	5	3
AT3G07390.1	1	1	5	5	4	3	3
AT2G30490.1	1	0	1	6	4	6	3
AT1G63970.1	1	2	9	2	4	3	2
AT1G33810.1	1	2	3	2	7	3	3
AT1G29470.1	1	9	11	0	6	5	1
sum58	1	6	10	4	2	8	2
AT1G03160.1	1	0	11	0	4	17	0
AT3G58010.1	1	7	11	0	5	0	1
AT4G01850.1	1	7.6	3.9	0	7.6	2.6	2.3
AT5G24300.1	1	5	2	3	2	2	2
AT3G56070.1	1	2	7	2	2	2	4
AT4G36760.1	1	3	10	5	4	5	2
AT3G08920.1	1	0	5	0	6	2	5
AT2G35500.1	1	5	2	5	1	4	7
AT1G17290.1	1	2	2	2	9	3	3
AT5G62530.1	1	0	1	4	6	0	2
AT5G08300.1	1	0	6	6	0	2	2.5
AT4G20980.1	1	2	7	4.5	2	6	4.5
AT2G22230.1	1	4	1.5	3	0	11	1.5
AT5G59870.1	1	0	1.4	5.6	4	2.7	6.3
AT3G56910.1	1	4	4	4	4	4	4
AT4G24930.1	1	3	5	4	5	5	3
AT3G15520.1	1	3	6	4	2	4	5
AT3G12930.1	1	2	5	2	3	2	2
AT5G12040.1	1	2	4	0	1	2	3
ATCG00430.1	1	4	4	3	4	6	2
sum79	1	0	2	0	6	7	0
AT3G22200.1	1	2	5	2	6	6	0
AT1G10840.1	1	6	7	1	2	7	1
AT4G29010.1	1	4	5	3	4	2	0
AT2G44640.1	1	1	3	4	4	1	0
AT4G13200.1	1	0	6	1	6	5	8
AT2G29290.2	1	2	2	4	2	4	3
AT1G66240.1	1	6	4	2	3	5	3
AT3G56240.1	1	4	5	3	2	4	5
AT1G18210.1	1	7	4	0	8	3	3
AT2G38540.1	1	3	7	0	3	4	0
AT3G15360.1	1	5	7	0	2	6	0
AT2G32060.1	1	4	3.9	2.7	2.2	4.5	2
AT3G44100.1	1	3	4	2	4	3	5
AT2G24940.1	1	4	3	1	5	5	3
AT3G13120.1	1	2	6	5	2	4	2
AT2G04780.1	1	5	4	2	4	7	3
AT5G47030.1	1	2	4	5	4	2	4
AT5G37360.1	1	0	5	3	0	4	4
AT3G02760.1	1	6	6	3	6	5	0
AT4G33250.1	1	2	6	6	0	7	4
AT4G02580.1	1	0	9	5	0	3	5
ATCG00710.1	1	2	4	3	0	10	0
AT2G36250.1	1	10.1	1	2	2	1.5	0
AT2G41740.1	1	8.4	7.6	0	7.6	5.8	0
AT5G08530.1	1	3	3	5	2	2	2
AT5G62720.1	1	3	3	3	6	5	7
AT4G39800.1	1	0	0	3	4	4	3
AT4G29120.1	1	0	2	8	3	5	3
AT5G28050.1	1	1	13	2	1	2	2
AT5G22580.1	1	0	6	4	2	3	5
AT1G80410.1	1	4	8	1	2	4	1
AT2G17695.1	1	0	4	4	0	7	8
AT1G52410.1	1	2	9	2	2	2	0
AT3G62360.1	1	7	8	0	7	6	0
AT1G02930.1	1	0	14.5	8.8	0	0	3
sum74	1	3	7	8	0	0	0
AT3G55610.1	1	5	6	1.3	9	3	5.5
AT2G22170.1	1	1	0	2	3	9.3	1
AT1G54630.1	1	4.6	4	2	5.6	3	3
AT1G50320.1	1	2	5	2	3	3	2
AT2G39960.1	1	2	5	0	4	3	6
AT2G42910.1	1	4	7	2	2	4	2
AT1G73110.1	1	4	5	1	2	5	3
AT1G27130.1	1	2	5	5	1	4	3
AT4G17300.1	1	0	0	3	1	5	4
AT5G44130.1	1	5	5	2	7	2	3
AT5G13980.1	1	1	5	3	0	4	4
sum67	1	7	3	4	0	3	2
AT2G32730.1	1	0	13.4	0	3	13	0
AT1G64190.1	1	2	2	0	4	0	5.1
AT5G58140.1	1	2	0	0	3	6	0
AT5G54960.1	1	2	5	3	3	5	4
AT5G35100.1	1	5	3	4	2	2	3
AT5G17770.1	1	3	4	2	4	4	3
AT3G13860.1	1	0	2	3	3	2	3
AT5G10920.1	1	3	2	2	4	4	1
AT5G63420.1	1	4	7	1	4	6	0
ATMG00070.1	1	1	3	4	0	3	5
AT3G63520.1	1	0	0	6	4	0	2
AT2G41680.1	1	1	0	4	5	2	0
ATCG01130.1	1	0	0	0	0	26	0
AT2G27020.1	1	5	9	2	0	0	3
AT4G23400.1	1	3.2	4	3.9	5.6	6.1	2.6
AT4G01900.1	1	2	1	3	3	4	4
AT2G24090.1	1	3	2	4	3	3	2
AT2G43560.1	1	2	7	3	3	2	2
AT5G42765.1	1	2	3	4	2	6	4
AT3G56290.1	1	4	4	3	5	5	2
AT1G19150.1	1	2	6	5	2	5	2
AT4G39460.1	1	3	5	7	1	3	6
AT3G60240.2	1	4	1	0	9	9	1
AT1G74880.1	1	3	3	4	5	5	0
sum66	1	8	0	0	4	3	0
AT5G48230.1	1	3	6	6	2	0	4
AT3G05590.1	1	4	2	0	3	0	0
AT1G34430.1	1	4	2	2.4	3.5	4.7	2.7
AT1G22450.1	1	2	2	3	2	2	3
AT3G53990.1	1	0	4	7	1	5	3
ATCG00190.1	1	1	1	0	4	7	1
sum137	1	2	2	2	7	5	0
AT1G63660.1	1	0	0	4	5	0	2
sum86	1	3	9	2	9	1	2
AT1G62180.1	1	2	0	0	3	5	3
AT5G47930.1	1	0	4	5.3	2	4	4.2
AT3G52560.1	1	0	6	2.5	0	6	5
AT3G02360.1	1	3	4	0	3	5	4.5
AT5G40810.1	1	2	6.7	3	1	2.3	0
AT1G01960.1	1	4	2	4	1	13.2	1
AT1G76100.1	1	3	3	4	3	4	4
AT5G43750.1	1	4	3	0	2	3	3
AT2G22990.1	1	3	1	2	3	2	4
AT5G64050.1	1	0	0	4	3	2	4
sum90	1	0	0	4	5	11	0
AT2G17265.1	1	4	3	0	1	7	0
sum135	1	0	2.6	4	0	4.8	3.6
AT1G09630.1	1	1.6	4.2	2.9	2.4	4.2	3
AT4G13850.1	1	3	6	1	1	2	2
AT3G42050.1	1	0	0	2	1	3	3
AT1G31800.1	1	0	5	3	1	4	4
AT5G17560.1	1	4	4	0	5	4	1
AT5G41670.1	1	1	2	3	3	1	6.4
AT2G39770.1	1	2	2	3	0	5	5
AT2G29340.1	1	4	7	2	2	0	2
AT1G12240.1	1	0	13	2	2	2	0
AT2G25970.1	1	4	8	0	7	6	0
sum84	1	0	4	0	3	7	0
AT5G13420.1	1	8	0	0	0	2	1
AT5G57850.1	1	1	2	10	0	3	6
AT3G55010.1	1	1	0	3	2	0	13
AT1G54580.1	1	3.4	3	2	3.4	4	2
AT3G46000.1	1	2	2	2	1	4.4	6
AT5G66510.1	1	2.8	4.4	3.6	2.3	4	2
AT2G22780.1	1	0	2	8.1	0	3	3
AT3G59760.1	1	6.3	6.1	3.3	0	2.6	0
AT2G44350.1	1	1	4	4	2	3	2
AT3G07480.1	1	2	3	4	2	4	3
AT2G46910.1	1	1	8	4	1	2	2
AT3G54470.1	1	5	4	2	3	3	2
AT1G74730.1	1	4	2	3	2	2	4
AT3G15640.1	1	0	3	2	3	1	3
AT3G43520.1	1	4	2	2	1	4	2
AT1G64770.1	1	5	3	1	4	4	1
AT3G60370.1	1	0	3	0	2	1	4
AT3G20320.1	1	4	4	3	0	3	4
AT3G44620.1	1	4	5	2	0	2	3
ATCG00140.1	1	0	1	6	2	0	9
AT5G51970.1	1	9	2	3	0	4	0
AT4G19410.1	1	4	10.3	2	4	2	1
AT4G39040.1	1	3	0	6	2	2	2
AT3G52230.1	1	2	5	1	2	2	2
AT2G24765.1	1	7	3	0	2	3	3
AT4G16450.1	1	4	2	3	2	3	3
AT4G30310.2	1	2	3	2	5	3	4
AT4G10840.1	1	1	4	2	4	4	2
AT3G59400.1	1	4	3	0	1	2	3
AT4G24330.1	1	1	2	2	1	4	3
AT5G35790.1	1	0	0	0	7	4	2
AT5G14030.1	1	2	5	4	2	2	7
AT2G26900.1	1	6	0	5	1	2	5
AT1G01470.1	1	2	3	4	0	2	2
ATCG01060.1	1	3	0	0	5	4	0
AT2G24060.1	1	6	3	0	0	2	1
AT4G24800.1	1	1	0	5	0	5	2
AT5G19370.1	1	6	9	6	0	0	3
AT5G67560.1	1	2.8	2.7	2	0	1.4	0
AT3G28710.1	1	3.3	4.5	0	3	6	0
AT5G35590.1	1	0	4.8	7	0	0	2
sum46	1	2	4.2	1.4	2.6	2.6	3.8
AT5G57040.1	1	2	4	0	3	5	3
AT4G04910.1	1	3	2	2	4	4	2
AT4G13010.1	1	4	4	1	1	4	2
AT3G11930.1	1	2	8	1	3	2	1
AT5G47770.1	1	2	6	6	1	2	4
AT1G74850.1	1	0	2	4	2	5	1
AT5G41210.1	1	2	4	2	1	7	3
AT1G08980.1	1	3	3	4	0	3	3
AT5G42960.1	1	2	6	2	0	4	4
AT4G33670.1	1	5	5	0	1	1	0
AT1G53280.1	1	4	4	0	1	1	0
AT2G45180.1	1	3	3	0	2	3	0
sum53	1	42	7	0	0	4	5
AT5G08540.1	1	0	0	0	0	5	8
AT2G33450.1	1	0	6	0	2	5	0
AT1G27090.1	1	1	2	3	2	0	5
AT5G19440.1	1	0	4	6	0	1	3
sum110	1	0	3	0	4	21	0
AT5G06060.1	1	1	8	6	1	6	0
AT3G13460.1	1	10	4	0	9	1	0
AT5G23820.1	1	0	4	0	0	4	0
AT2G43100.1	1	2	4.7	2	5.9	6.7	0
AT5G03650.1	1	4.7	5	0	5.7	4.7	2
AT2G21620.1	1	2	4	1	2	2	2
AT5G16660.1	1	2	3	0	4	6	2
AT4G22485.1	1	7	7	0	6	4	2
AT1G02080.1	1	0	4	0	6	9	1
AT3G57050.1	1	5	1	2	4	0	2
sum120	1	3	0	0	0	21	0
AT5G04740.1	1	0	5	7	0	5	0
AT3G02200.2	1	0	8	5	0	4	0
AT5G03290.1	1	4	7.9	1	0	3	0
AT3G47370.1	1	0	0	3.5	0	2.7	4.3
AT5G06600.1	1	7	6	0	6	7	0
sum26	1	2	6	0	0	3.9	0
AT3G26720.1	1	0	4	2	3	3	3
AT4G36530.1	1	2	3	1	1	1	1
AT3G11750.1	1	3	2	4	2	3	4
AT3G01390.1	1	2	4	0	3	2	2
sum140	1	0	0	3	3	2	2
AT2G43640.1	1	2	2	3	4	2	4
AT5G23310.1	1	4	7	3	1	3	2
AT5G41950.1	1	1	4	1	4	3	2
AT5G46580.1	1	0	5	6	2	3	1
AT2G16950.1	1	1	2	1	6	4	2
AT5G16620.1	1	5	0	4	2	1	4
AT3G53130.1	1	2	1	4	5	2	2
AT4G33760.1	1	2	3	2	3	1	1
AT2G34470.1	1	1	7	4	2	3	0
AT3G24430.1	1	1	0	0	3	5	0
sum44	1	3	4	0	6	5	0
AT1G68560.1	1	9	4	0	8	5	0
AT2G35780.1	1	2	3	4	1	0	0
AT5G39320.1	1	2.9	2.6	0	3.3	1.7	1.6
AT1G09795.1	1	4	9.2	0	0	3.4	0
AT3G02720.1	1	1	6	3	3	3	3
AT4G14890.1	1	2	4	2	2	3	2
AT5G64140.1	1	2	1	2	3	3	2
AT4G25890.1	1	2	2	1	3	5	2
AT1G49970.1	1	4	5	3	2	3	1
AT1G21350.2	1	4	2	1	1	4	2
AT1G72750.1	1	6	2	0	3	1	2
ATCG00170.1	1	5	1	1	3	10	3
AT4G27500.1	1	0	1	5	0	6	7
AT5G63840.1	1	3	4	0	3	3	0
AT2G02560.1	1	1	4	1	5	9	0
AT3G10350.1	1	2	4	3	2	0	4
AT5G60360.1	1	1	7	3	0	6	3
AT5G08570.1	1	0	0	4	1	5.6	2
AT4G35360.1	1	3	6.3	2	1	4	1
AT2G44610.1	1	2.2	5.1	2.8	0	3.9	2.5
AT1G59900.1	1	3	3	2	3	3	2
AT2G39020.1	1	3	5	2	2	1	3
AT5G66040.1	1	1	3	1	4	2	2
AT3G27160.1	1	3	1	2	5	3	2
AT3G47430.1	1	0	5	1	0	4	4
ATCG00500.1	1	3	0	0	3	4	0
AT1G71695.1	1	2	3	4	0	4	5
AT3G43600.1	1	2	9	0	4	3	0
AT1G12230.1	1	3	5	3	1	4	0
AT1G54010.1	1	4	3	1	3	1	0
AT1G62020.1	1	0	0	0	1.3	11.6	0
AT4G01883.1	1	0	3	3	0	5	0
AT2G31390.1	1	5	5	1	0	0	0
AT5G42130.1	1	4	9	0	0	0	0
AT3G57410.1	1	3.6	5.4	0	4.4	9.2	0
AT1G16470.1	1	1.5	9	0	0	0	0
AT4G14800.1	1	3	4	4.5	2	3	3
AT3G46010.1	1	3.3	2.4	0	7.3	4.5	0
ATCG00180.1	1	0	2	3	3	4	4
ATCG00650.1	1	2	2	2	2	2	2
AT2G21160.1	1	2	4	3	2	2	2
AT4G37925.1	1	4	3	1	3	4	3
AT4G28730.1	1	2	2	2	2	2	3
AT4G34700.1	1	1	1	1	3	4	2
AT3G53110.1	1	0	1	2	5	2	2
AT5G60540.1	1	4	2	2	4	2	1
AT2G30930.1	1	3	3	0	3	1	1
sum102	1	6	0	3	2	2	0
AT3G15010.1	1	3	4	2	2	2	0
AT5G42950.1	1	2	4	1	2	4	0
AT5G11560.1	1	3	1	1	3	7	0
sum76	1	0	6	6	3	7	0
AT1G74040.1	1	7.5	0	0	4.5	0	10.7
AT3G12050.1	1	2	0	4	0	2	4
AT2G34040.1	1	0	0	3	0	1	2
AT3G06350.1	1	0	1	2	3	1	0
AT3G16370.1	1	6	5	0	1	0	0
AT3G43540.1	1	1	0	0	0	2	0
AT2G20230.1	1	1	4	0	0	2	0
AT2G46280.1	1	2	4	0	0	0	0
AT5G52640.1	1	8.4	5.5	0	0	0	0
AT3G19480.1	1	1	0	0	4	4.7	0
AT4G09620.1	1	2	2	2	2	2	2
AT1G79600.1	1	0	2	4	3	4	3
AT2G21960.1	1	3	5	2	2	3	2
AT3G12260.1	1	2	5	0	2	3	2
AT1G14980.1	1	2	2	2	2	3	2
AT5G20090.1	1	1	3	2	2	3	2
AT3G10740.1	1	2	3	1	3	2	4
AT5G01010.1	1	2	4	2	3	2	2
AT3G04870.1	1	2	0	1	2	2	1
AT3G04290.1	1	3	2	1	2	1	2
AT4G22930.1	1	2	4	2	1	3	2
AT4G32760.1	1	1	5	3	2	1	1
AT5G60790.1	1	2	2	1	3	0	3
AT3G16780.1	1	4	2	2	4	4	0
AT5G47210.1	1	5	0	3	2	3	0
sum113	1	2	5	0	4	6	0
AT3G53560.1	1	0	4	4	2	3	0
AT4G27640.1	1	0	5	2	1	5	1
AT4G00490.1	1	0	0	1	5	0	1
AT1G14250.1	1	4	4	4	3	0	0
AT2G38550.1	1	2	10	1	1	0	0
AT3G02630.1	1	3.7	3.4	2.5	0	2.7	3
sum16	1	0	0	0	0	3	3.2
AT1G13320.1	1	0	2.2	4	0	0	6.3
AT3G54900.1	1	2	3	2	2	2	2
AT1G31860.1	1	2	3	1	2	2	2
AT3G08640.1	1	1	2	3	2	3	2
AT5G66680.1	1	0	2	0	1	2	2
AT1G52220.1	1	2	0	3	2	2	1
AT5G44110.1	1	2	2	1	2	1	2
AT1G12520.1	1	0	3	1	1	2	3
AT2G42690.1	1	3	0	0	2	3	1
AT4G34490.1	1	0	0	0	4	6	2
AT5G55710.1	1	2	0	2	5	5	2
AT1G16460.1	1	3	5	4	3	1	3
AT1G14850.1	1	1	2	3	6	4	2
AT2G47910.1	1	0	2	4	1	1	4
AT2G26590.1	1	4	3	1	1	0	1
AT3G01910.1	1	3	2	1	1	0	1
AT1G74070.1	1	5	1	1	2	2	0
AT1G18070.1	1	0	2	1	1	1	0
ATCG00360.1	1	3	4	2	2	4	0
AT2G29360.1	1	5	5	2	1	0	2
AT1G18270.1	1	1	9	2	2	5	0
AT1G29150.1	1	1	0	1	0	1	2
AT3G05020.1	1	0	2	3	0	2	4
AT3G11400.1	1	0	0	3	0	2	4
AT2G37500.1	1	2	7	2	0	3	1
AT4G32520.1	1	2	0	1	3	0	1
AT5G48880.1	1	6	0	0	0	0	0
AT3G15980.1	1	4.5	12.3	0.7	0	5.2	0
AT3G17820.1	1	0	2	1.3	0	1	5.7
AT5G13850.1	1	0	3.2	0	0	0	5.5
AT5G64130.1	1	3	3	0	2	2	2
AT5G61970.1	1	1	3	3	2	3	3
AT1G30530.1	1	0	2	1	2	3	2
AT2G44050.1	1	0	3	5	2	3	4
AT1G24180.1	1	2	5	2	1	3	2
AT2G45770.1	1	1	0	2	1	2	3
AT1G11650.1	1	3	4	1	2	1	1
AT3G47860.1	1	2	1	3	3	1	1
AT3G17210.1	1	2	5	0	3	1	1
AT3G51820.1	1	0	2	6	2	2	0
AT3G62750.1	1	1	1	3	2	0	4
AT3G07720.1	1	3	5	5	0	1	2
AT3G51840.1	1	1	3	2	0	3	1
AT1G26220.1	1	2	2	0	1	0	0
AT3G27280.1	1	2	7.3	0	0	0	2.6
AT4G18030.1	1	3	1	1	3	1.7	0
AT5G52240.1	1	4	4	0	2	1.3	0
AT4G00860.1	1	2	2	1	2	2	2
AT4G31390.1	1	3	2	1	3	3	2
AT2G05620.1	1	0	2	2	2	1	4
AT5G19620.1	1	2	3	1	1	3	1
AT5G52970.1	1	1	2	0	3	5	1
AT4G02230.1	1	4	1	4	1	4	1
AT4G12730.1	1	0	1	6	1	1	4
AT5G24710.1	1	1	3	0	5	6	0
AT1G04080.1	1	1	7	0	3	4	0
AT3G17840.1	1	2	7	1	2	2	0
AT1G21680.1	1	1	6	0	3	3	0
AT5G38830.1	1	0	1	2	2	0	3
AT1G04430.1	1	0	2	0	0	5	3
AT5G16840.1	1	3	1	0	4	1	1
AT4G39690.1	1	2	10	0	2	5	0
AT5G04360.1	1	3	2	0	6	3	0
AT2G21280.1	1	4	1	1	4	2	0
AT2G25830.1	1	3	2	5	1	0	3
AT1G76680.1	1	2	5	2	0	3	1
AT5G05270.1	1	2	0	4	0	2	6
AT1G50900.1	1	1	1	1	6	2	0
AT3G55360.1	1	0	2	3	0	10	1
AT3G55400.1	1	2	2	1	0	0	2
AT1G06000.1	1	5	0	3	0	0	5
AT1G53580.1	1	4	10	0	1	0	0
AT1G30380.1	1	2	2	5	0	3	0
AT3G25760.1	1	4.7	5.2	2.5	0	0	0
sum143	1	0	2.6	0	0	3.2	3.5
AT5G03520.1	1	0	4.5	2.1	0	4.4	0
AT1G72170.1	1	3	2.5	1	2	2	1
AT5G44320.1	1	2	0	4.5	4	0	4.5
AT4G29130.1	1	1	3	2	2	3	0
sum43	1	0	0	2.6	0	0	2.8
AT5G57655.2	1	1	2	2	2	2	2
AT5G16400.1	1	1	2	1	2	3	2
AT5G36880.1	1	0	2	4	2	4	3
AT3G15840.1	1	2	2	3	1	2	1
AT3G56490.1	1	2	2	0	2	2	1
AT3G04880.1	1	0	2	2	2	2	1
AT5G27540.1	1	0	1	2	3	5	2
AT3G54660.1	1	0	0	2	1	3	3
AT1G56050.1	1	0	2	1	1	3	3
AT3G08770.1	1	1	4	2	2	1	1
AT2G17380.1	1	2	2	2	0	2	2
AT1G09760.1	1	0	2	4	3	0	3
sum82	1	1	3	0	4	4	0
AT3G11780.1	1	2	4	1	2	3	0
AT2G46520.1	1	0	4	0	4	6	0
AT5G57490.1	1	2	9	1	2	0	3
AT1G80480.1	1	0	0	0	3	5	0
AT5G44650.1	1	2	2	2	1	0	2
AT1G31812.1	1	0	5	0	2	0	4
AT3G16850.1	1	0	2	3	3	0	2
AT3G42170.1	1	2	7	1	4	1	1
AT1G60710.1	1	2	4	0	0	1	2
AT2G42530.1	1	0	2	2	1	0	4
AT1G76810.1	1	3	1	0	0	8	1
ATMG00160.1	1	0	2	4	0	0	2
sum72	1	0	0	0	0	13	0
AT1G79870.1	1	1	4	2	0	2	0
AT5G50250.1	1	0	4	3	0	0	0
AT5G14590.1	1	2	3	2	2	2	1
AT1G01170.1	1	0	2	1	2	2	2
AT1G53520.1	1	0	4	0	2	3	2
AT2G40290.1	1	5	1	1	1	2	2
AT4G21445.1	1	0	3	1	1	2	3
AT3G49560.1	1	1	4	2	2	1	1
AT4G33350.1	1	1	3	3	1	1	3
AT5G55230.1	1	1	3	2	0	3	3
AT2G42770.1	1	2	4	0	1	0	1
AT1G24100.1	1	2	0	1	3	3	0
AT4G21100.1	1	1	5	1	2	2	0
AT1G59990.1	1	0	5	3	1	0	2
AT3G47650.1	1	3	2	2	3	0	2
AT5G48480.1	1	2	2	0	5	2	0
AT4G13780.1	1	4	5	0	1	4	0
AT2G37790.1	1	3	1	0	0	0	1
AT5G38520.1	1	2	2	2	0	0	2
sum8	1	6	4	0	0	4	0
AT3G15660.1	1	2	3	2	3	0	0
AT1G12310.1	1	0	8	0	1	0	0
AT1G57770.1	1	0	0	1	0	0	0
AT4G39980.1	1	2	2	0	1	1.3	2
AT3G58510.1	1	0	2	0	0	5	4.8
AT1G10290.1	1	0	2	0	4	1.8	0
AT2G36580.1	1	0	0	0	0	0	3
AT3G25800.1	1	2	2.2	0	0	2	0
AT3G10850.1	1	3	6	0	1	1	1
AT1G68680.1	1	1	2	3	2	2	2
AT2G25060.1	1	3	4	0	2	3	2
AT3G62410.1	1	2	2	0	2	4	2
AT3G44330.1	1	0	0	3	2	1	2
AT2G45070.1	1	2	2	2	2	1	1
AT1G56580.1	1	1	3	0	3	2	1
AT1G32200.1	1	4	0	0	2	1	4
AT3G50590.1	1	2	3	2	2	6	2
AT5G08410.1	1	0	4	3	1	1	3
AT5G24650.1	1	2	3	2	0	2	2
AT1G18730.1	1	0	2	1	0	2	2
AT2G32520.1	1	3	6	0	2	2	0
AT4G30720.1	1	2	3	2	1	1	0
AT3G54960.1	1	1	5	0	3	3	0
AT3G59920.1	1	1	1	1	2	2	0
sum99	1	0	0	1	4	4	0
AT3G55260.1	1	0	0	1	2	2	0
sum73	1	4	4	0	5	4	0
AT3G55250.1	1	0	2	4	0	2	3
AT5G47690.1	1	0	3	3	1	5	1
AT2G34585.1	1	2	0	0	2	4	0
AT5G08050.1	1	1	2	1	1	2	0
AT1G26850.1	1	1	0	0	0	3	1
AT2G38750.1	1	1	1	4	0	0	2
AT5G58710.1	1	2	2	4	2	0	0
AT5G45620.1	1	0	5	3	1	0	0
AT1G21880.2	1	5	7	0	5	0	0
sum50	1	1.2	0	2.8	0	2	1.4
AT2G36060.1	1	0	0	2.5	7	2	0
AT2G37270.1	1	0	7.8	0	1.8	0	0
AT1G59610.1	1	2	2	3	2	5.3	0
AT3G06860.1	1	1	4	3	1	2	1
AT1G27020.1	1	0	2	2	2	2	1
AT2G47240.1	1	2	2	0	2	3	1
AT1G79280.1	1	0	6	0	4	5	0
AT2G33255.1	1	1	5	2	0	2	2
ATCG00330.1	1	1	0	4	0	2	3
AT1G12270.1	1	4	2	0	4	1	0
AT4G30810.1	1	3	2	2	0	0	2
AT2G40600.1	1	2	3	1	1	0	0
AT1G75270.1	1	0	2	5	0	1	0
sum142	1	0	3	0	0	3	0
AT1G08480.1	1	0	5	0	0	4	0
AT5G19980.1	1	0	1	3	0	6	0
sum103	1	0	10	0	3	0	0
AT5G17380.1	1	0	2	3	0	0	3
AT2G07360.1	1	0	2	1	0	3	0
AT5G46430.1	1	0	0	1.6	1.3	2.4	1.8
AT1G73600.1	1	1.5	0	3	5	1	2
AT1G07140.1	1	4.3	5	0	0	0	1
AT1G04810.1	1	4	2.6	1	3	0	0
AT2G04700.1	1	1	2	1	2	2	2
AT1G71820.1	1	1	2	4	2	1	1
AT5G08060.1	1	0	2	0	4	2	2
AT5G63860.1	1	2	0	0	3	1	2
AT5G66090.1	1	2	2	0	2	2	0
AT5G49510.1	1	2	6	1	1	1	0
AT2G46650.1	1	0	0	2	2	2	0
AT2G18040.1	1	0	5	0	1	2	0
AT2G17972.1	1	2	1	0	1	3	0
AT5G16715.1	1	0	3	0	0	5	0
AT5G64860.1	1	0	0	3	1	0	0
sum89	1	0	0	7	0	0	0
AT5G03690.2	1	2.4	0	0	1.3	2.5	0
AT3G22630.1	1	0	0	6.5	2	0	0
AT3G08943.1	1	0	5	0	0	9	0
AT1G17745.1	1	0	2	2	2	1	1
AT1G02920.1	1	4	2	1	1	0	0
AT3G18680.1	1	4	1	2	2	2	1
AT1G70770.1	1	0	1	0	2	4	1
AT2G31790.1	1	0	0	1	0	2	2
AT4G30220.1	1	2	2	0	2	0	2
AT1G59960.1	1	2	2	0	2	0	3
AT3G48140.1	1	1	2	1	1	2	0
AT5G60160.1	1	2	1	0	3	0	2
AT1G51690.1	1	0	2	2	3	0	2
AT3G18430.1	1	1	3	0	3	2	0
AT3G17930.1	1	0	3	0	2	5	0
AT1G63610.1	1	0	4	2	1	3	0
AT3G61260.1	1	1	1	4	0	0	4
AT1G74910.1	1	1	0	1	0	0	2
sum104	1	5	0	0	3	0	0
ATCG01090.1	1	4	0	0	0	0	3
AT4G13360.1	1	4	2	0	0	1	0
AT3G52155.1	1	3	0	0	4	0	0
AT3G06580.1	1	0	1	1	0	2	0
AT3G46830.1	1	3.3	2.8	1.5	0	0	0
AT4G10450.1	1	1.1	2.4	3.5	0	3.5	0
AT5G58290.1	1	3	0	0	3	0	0
AT5G10160.1	1	0	1.5	0	0	0	1.5
AT1G41830.1	1	0	0	3.5	2.8	0	0
AT5G15490.1	1	2.9	0	3.3	2.9	0	0
AT1G15500.1	1	4	0	0	2.4	3.3	0
AT1G48850.1	1	2	0	0	2	2	2
AT2G29080.1	1	0	2	3	1	2	2
AT3G12490.1	1	2	2	1	2	1	1
AT1G43690.1	1	1	0	3	0	2	2
AT2G15290.1	1	2	2	1	1	0	1
AT3G21200.1	1	2	1	1	2	2	0
AT3G50685.1	1	1	2	0	2	2	0
AT1G33040.1	1	3	2	1	2	3	0
AT5G63510.1	1	0	4	3	0	3	4
AT1G17860.1	1	3	1	2	3	0	2
AT3G26570.1	1	2	4	1	3	2	0
AT2G39970.1	1	2	2	2	0	2	1
AT5G16390.1	1	0	2	2	2	0	5
AT5G51720.1	1	0	4	3	2	0	1
AT4G23890.1	1	0	4	2	0	1	3
AT2G18710.1	1	0	0	2	0	4	1
AT5G49810.1	1	0	4	0	4	1	0
AT3G44590.1	1	3	2	0	4	0	0
ATMG00510.1	1	1	4	2	0	3	0
AT1G12050.1	1	1	2	0	0	0	3
AT5G46070.1	1	1	2	0	0	3	0
AT1G44920.1	1	0	2	0	0	2	0
AT2G20190.1	1	0	1	2	0	3	0
sum145	1	0	3	3	6	0	0
AT4G17830.1	1	3	0	2	0	0	0
AT2G26670.1	1	1	4	2	0	0	0
AT5G24400.1	1	0	6	0	0	0	0
AT1G79500.1	1	0	0	4.2	2	4	3
AT5G66140.1	1	1	7	0	0	4	1.8
AT2G19860.1	1	0	0	2	0	1	0
AT3G48170.1	1	0	1	2.2	1.1	0	0
AT2G34160.1	1	1	0	1.3	1.5	0	3
AT3G52750.1	1	2.9	1	2	0	1.5	0
AT4G18930.1	1	2	2	0	2	2	1
AT5G58060.1	1	2	0	0	2	1	2
AT4G26500.1	1	1	5	1	2	1	2
AT3G05970.1	1	1	2	0	1	3	3
AT5G59890.1	1	1.7	3.6	0	3.7	3	1
AT5G51430.1	1	2	2	2	2	2	0
AT2G32720.1	1	1	3	0	5	4	0
AT1G20225.1	1	1	1	2	0	2	1
AT3G25230.1	1	0	0	0	4	0	2
AT1G15950.1	1	3	4	0	1	3	0
AT1G09210.1	1	0	3	1	1	3	0
AT2G30695.1	1	1	0	3	0	0	1
AT1G03870.1	1	3	2	0	3	0	0
AT1G35420.1	1	2	3	0	2	0	0
sum112	1	0	2	4	0	2	0
AT2G04400.1	1	0	5	0	0	2	0
AT5G09900.1	1	0	0	0	4	0	0
AT3G18080.1	1	0	0	3	0	1	0
AT1G37130.1	1	0	1	0	0	6	0
sum105	1	0	2	0	0	0	3
AT5G63980.1	1	5	2	0	0	0	0
AT3G27300.1	1	0	0	1	1	1	1
AT4G35460.1	1	0	0	2	0	2	3.8
AT3G48890.1	1	3	2	0	1	3.8	0
AT2G36390.1	1	2.3	0	1	2.3	3.3	0
AT1G06400.1	1	2.5	5.1	0	1.8	0	0
AT2G18110.1	1	0	1.6	2.3	0	0	2.4
sum40	1	1.2	2.3	2.4	0	3.6	0
AT2G42520.1	1	1	2	0	2	2	1.2
AT4G04770.1	1	0	0	1	2	2	1
AT4G34350.1	1	0	2	0	1	1	0
AT2G26930.1	1	1	2	0	2	3	0
AT5G43960.1	1	2	2	1	1	0	2
AT1G17720.1	1	0	0	2	3	0	2
AT1G15340.1	1	2	0	1	3	2	0
AT4G39120.1	1	0	2	0	0	2	1
AT3G54110.1	1	0	5	2	0	2	1
AT1G75950.1	1	2	2	2	0	1	2
AT3G23570.1	1	1	3	2	0	1	2
AT4G11175.1	1	2	2	1	2	1	0
AT2G38770.1	1	1	3	1	3	1	0
AT5G26667.1	1	0	0	0	0	1	4
AT1G36390.1	1	1	2	0	0	0	2
AT4G11220.1	1	1	0	2	0	0	2
AT1G72610.1	1	0	3	4	0	0	2
AT4G37200.1	1	4	1	0	2	0	0
AT4G08520.1	1	3	2	0	4	0	0
AT1G74230.1	1	2	1	2	2	0	0
AT5G05000.1	1	1	2	2	0	1	0
AT4G38460.1	1	1	0	1	0	2	0
AT2G22360.1	1	1	0	0	0	2	0
AT2G41790.1	1	1	4	0	0	3	0
AT1G45201.1	1	1	0	2	0	2	0
AT5G51545.1	1	0	3	2	0	2	0
AT5G41790.1	1	0	1	0	0	9	0
AT4G29680.1	1	0	4	1	0	2	0
AT1G26340.1	1	2	2	1	0	0	0
AT2G45990.1	1	2	5	2	0	0	0
AT4G35860.1	1	2	0	2	0	0	0
AT5G13710.1	1	1	1	0	0	0	0
AT3G20330.1	1	0	0	2	0	0	0
AT3G57260.1	1	0	13	1	0	0	0
AT4G36130.1	1	0	0	0	0	4	2
AT1G80300.1	1	3	0	0	3.6	1.7	0
AT4G28470.1	1	0	2.9	5.5	0	0	1.5
AT1G69620.1	1	0	1.5	0	0	2.1	0
AT1G22520.1	1	1	2.5	1	0	2	1
AT3G08947.1	1	0	5	0	5	0	0
AT3G11730.1	1	0	2.5	0	1.2	0	3.8
AT3G22230.1	1	0	0	2	2.5	2.2	2
AT4G30620.1	1	0	1.5	0	1.2	2.4	0
AT2G30410.1	1	1	2	0	1	2	1
AT1G18170.1	1	0	3	0	1	1	2
AT5G57020.1	1	0	0	2	2	2	1
AT4G14070.1	1	0	1	1	2	3	1
AT1G08640.1	1	2	2	2	2	0	2
AT4G34830.1	1	0	5	0	2	3	0
AT5G42310.1	1	0	1	2	0	2	3
AT5G37475.1	1	2	1	1	1	2	0
AT1G80750.1	1	0	1	1	0	1	2
AT4G12650.1	1	1	0	1	1	4	0
AT2G36145.1	1	2	1	0	3	1	0
AT1G71730.1	1	1	3	0	4	0	1
AT3G59980.1	1	2	2	0	0	0	2
AT3G54400.1	1	0	0	0	0	0	2
AT1G52760.1	1	0	2	1	0	0	2
AT2G24050.1	1	0	1	2	0	0	1
AT2G35830.1	1	4	3	0	0	3	0
AT5G19750.1	1	2	2	1	0	4	0
sum97	1	2	2	0	0	2	0
AT5G62980.1	1	2	2	0	0	2	0
AT2G40660.1	1	2	0	0	0	1	0
AT5G44720.1	1	1	0	1	0	1	0
AT3G20630.1	1	0	5	0	0	3	0
AT2G47710.1	1	0	2	0	0	3	0
AT2G31660.1	1	0	2	1	0	6	0
AT3G62700.1	1	0	0	0	0	6	0
AT4G16370.1	1	0	0	1	0	4	0
AT2G33470.1	1	0	2	3	0	2	0
AT3G07460.1	1	0	1	0	1	0	0
sum85	1	0	0	0	0	0	0
AT2G30520.1	1	0	1	0	0	0	0
AT4G09720.1	1	1	5.7	0	0	0	0
AT2G17420.1	1	0	0	2	1	3	1.3
AT2G43945.1	1	0	6	0	0	2	0
AT3G16950.1	1	2.3	0	1	0	0	0
AT5G58440.1	1	1	1	0	2	1	1
AT1G75040.1	1	1	3	2	2	1	1
AT2G45060.1	1	0	2	1	1	3	1
AT2G45820.1	1	2	3	0	0	2	2
AT5G37830.1	1	3	3	0	1	1	0
AT1G31160.1	1	2	1	0	2	2	0
AT5G47890.1	1	2	2	0	2	2	0
AT2G17980.1	1	1	3	0	1	1	0
AT3G13870.1	1	0	5	0	2	2	0
AT1G06290.1	1	0	3	2	2	2	0
AT5G26710.1	1	0	0	3	2	3	0
AT4G13500.1	1	2	0	0	1	2	0
AT4G03080.1	1	0	0	0	2	4	0
AT4G21580.1	1	1	0	5	0	2	1
AT1G54990.1	1	0	0	2	0	1	2
AT2G40380.1	1	2	2	1	2	0	1
AT2G26500.1	1	1	0	1	2	1	0
AT5G51200.1	1	0	0	0	2	6	0
AT1G13270.1	1	2	1	2	0	0	1
AT3G51870.1	1	0	2	2	0	0	1
AT4G15630.1	1	0	1	0	0	0	2
AT5G44090.1	1	0	0	1	0	0	2
AT2G32380.1	1	0	0	3	0	0	2
AT5G23940.1	1	0	0	2	0	0	2
AT2G19080.1	1	3	0	0	0	2	0
AT4G33030.1	1	1	0	0	0	1	0
AT2G14170.1	1	1	2	1	3	0	0
AT2G38170.1	1	1	0	0	0	3	0
AT5G02160.1	1	0	0	0	0	3	0
AT3G63170.1	1	0	4	0	0	1	0
AT3G56090.1	1	0	2	2	0	2	0
ATCG00520.1	1	0	0	2	0	3	0
AT3G14990.1	1	0	1	0	1	0	0
AT3G15356.1	1	0	0	0	0	1	0
AT2G41220.1	1	2.1	3.3	0	0	0	0
AT3G26900.1	1	2	3	0	0	0	0
AT4G38100.1	1	2	2	0	0	0	0
AT3G05000.1	1	2	4	1	0	0	0
AT2G32080.1	1	1	2	1	0	0	0
AT2G05830.1	1	1	2	2	0	0	0
AT3G16520.3	1	0	1	0	0	0	0
AT5G06460.1	1	1.1	4.2	0	1.2	3.2	0
AT3G09810.1	1	0	1.1	0	2	1	0
sum29	1	3	0	0	3	0	0
AT3G19760.1	1	0	2	0	0	0	2
AT4G14420.1	1	0	0	1	1	3	1
AT5G48220.1	1	2	5	0	0	1	1
AT3G08010.1	1	1	2	2	0	1	1
AT4G24220.1	1	1	1	1	0	1	1
AT1G53670.1	1	0	3	0	0	2	2
AT5G20140.1	1	0	1	0	0	1	1
AT3G17240.1	1	0	0	0	2.8	4	0
AT5G01590.1	1	0	0	1	1	0	1
AT2G25670.1	1	0	0	0	1	0	1
AT1G49670.1	1	0	1	1	2	3	0
AT5G49720.1	1	1	2	0	3	2	0
AT1G42550.1	1	0	0	0	3	2	0
AT3G12800.1	1	2	0	2	0	2	1
AT1G19130.1	1	2	1	2	0	1	2
AT5G24690.1	1	1	1	0	2	1	0
AT4G00165.1	1	0	2	0	2	1	0
AT4G31840.1	1	0	5	0	1	3	0
AT1G54520.1	1	0	0	0	0	1	5
AT2G42540.1	1	1	3	0	0	0	1
sum88	1	0	0	7	0	0	4
AT4G17340.1	1	0	0	0	0	0	1
AT1G74090.1	1	0	2	3	0	0	2
AT3G51160.1	1	6	0	0	1	0	0
AT1G28290.1	1	5	0	0	1	0	0
AT1G27390.1	1	2	2	1	0	1	0
AT1G53750.1	1	1	0	1	0	2	0
AT1G30470.1	1	1	3	0	3	0	0
AT5G22640.1	1	0	0	2	0	3	0
AT4G33500.1	1	0	1	0	1	0	0
sum49	1	0	0	0	0	4	0
AT3G20790.1	1	0	4	0	0	1	0
AT5G56260.1	1	0	6	0	0	1	0
AT2G25280.1	1	4	2	0	0	0	0
AT1G07440.1	1	2	3	0	0	0	0
AT3G03980.1	1	2	6	0	0	0	0
AT5G43330.1	1	1.4	0	0	0	0	0
AT5G07440.1	1	0	0	1	0	0	0
AT3G28715.1	1	1.7	4.5	0	0	0	0
AT4G26870.1	1	0	1	0	1	2	1
AT4G19210.1	1	0	0	2	1	1	3
AT5G25265.1	1	1	1	0	0	1	1
AT3G16460.1	1	0	6	0	0	1	1
AT5G27970.1	1	0	0	2	0	1	1
AT5G49760.1	1	0	6	0	1	1	0
AT1G67350.1	1	0	1	0	2	3	0
AT1G10360.1	1	1	2	0	1	2	0
AT2G35450.1	1	0	2	0	1	2	0
AT2G17200.1	1	0	0	2	3	0	2
AT5G14660.1	1	0	0	4	0	2	1
AT3G21865.1	1	0	0	1	0	1	2
AT3G46560.1	1	2	1	0	2	0	1
AT4G15530.1	1	1	1	0	1	4	0
AT1G48620.1	1	1	2	0	3	1	0
AT4G37870.1	1	1	0	0	7	2	0
AT5G53580.1	1	2	2	0	0	0	1
AT1G17890.1	1	1	4	0	0	0	1
AT1G42960.1	1	0	2	1	0	0	2
AT4G27800.1	1	0	0	1	0	0	2
AT4G35470.1	1	0	0	1	0	0	2
AT1G04690.1	1	0	0	0	0	0	2
AT2G17560.1	1	0	2	1	0	0	1
AT2G35840.1	1	3	0	0	3	0	0
AT4G32940.1	1	2	1	0	1	0	0
AT1G33680.1	1	2	4	0	2	0	0
AT4G12830.1	1	1	0	1	1	0	0
AT5G02120.1	1	1	1	0	1	0	0
AT1G52000.1	1	1	0	0	2	0	0
AT3G20820.1	1	1	0	0	0	1	0
AT4G26555.1	1	0	1	0	0	1	0
AT4G09020.1	1	0	1	1	0	1	0
AT5G05740.1	1	0	2	0	0	2	0
AT5G42080.1	1	0	4	1	0	2	0
AT1G48920.1	1	0	0	1	0	2	0
AT5G48580.1	1	0	3	0	4	0	0
AT2G40730.1	1	0	2	0	0	4	0
AT2G18230.1	1	0	2	2	0	2	0
AT5G53140.1	1	0	0	0	2	0	0
AT1G20330.1	1	0	1	0	0	3	0
AT3G18860.1	1	0	7	0	3	0	0
sum47	1	5	0	0	0	0	0
AT3G18490.1	1	3	2	0	0	0	0
AT3G51000.1	1	2	0	0	0	0	0
AT5G48960.1	1	1	2	0	0	0	0
AT5G55200.1	1	1	2	1	0	0	0
AT1G76180.1	1	1	0	0	0	0	0
AT4G25100.1	1	0	0	0	0	0	0
AT4G02840.1	1	0	0	0	0	0	0
AT3G60860.1	1	0	0	0	2	5.8	0
sum71	1	0	0	0	0	0	3
sum116	1	0	0	0	0	2	1.6
AT3G59870.1	1	0	0	0	0	0	0
AT5G23250.1	1	0	0	0	0	0	2.5
AT2G30050.1	1	3	0	2.5	0	0	0
AT3G28900.1	1	0	0	1	0	2.8	2
AT4G04040.1	1	0	1	0	0	0	0
AT5G24020.1	1	0	0	3	0	1	1
AT4G14210.1	1	0	0	1	1	0	1
AT5G27390.1	1	1	0	2	1	1	0
AT4G21860.1	1	0	3	0	1	1	0
AT1G09830.1	1	0	0	1	1	1	0
AT1G14030.1	1	0	0	1	2	2	0
AT1G49750.1	1	0	0	2	2	2	0
AT3G11700.1	1	0	2	0	4	3	0
AT2G39900.1	1	1	1	2	1	2	0
AT4G10060.1	1	1	0	0	3	2	0
AT3G52200.1	1	1	0	0	2	1	0
AT1G23130.1	1	1	2	0	2	1	0
AT3G51240.1	1	1	2	1	2	1	0
AT5G54430.1	1	1	1	1	2	1	0
AT3G21055.1	1	0	1	0	1	3	0
AT2G35630.1	1	0	3	1	1	3	0
AT2G39080.1	1	2	0	0	0	0	1
AT1G59840.1	1	1	2	0	0	0	2
AT3G46100.1	1	1	0	1	0	0	1
AT2G22250.1	1	0	1	2	0	0	1
AT2G47510.1	1	0	0	0	0	0	2
AT1G06900.1	1	0	1	0	0	5	0
AT5G52440.1	1	2	1	0	4	0	0
AT4G11260.1	1	2	0	0	0	1	0
AT4G39520.1	1	2	0	1	0	2	0
AT4G33110.1	1	2	1	0	0	2	0
AT2G30170.1	1	1	2	1	0	1	0
AT5G20830.1	1	1	2	0	3	0	0
AT5G03460.1	1	1	0	0	2	0	0
AT1G06820.1	1	0	0	1	0	2	0
AT1G51100.1	1	0	2	2	0	2	0
AT2G26540.1	1	0	2	0	1	0	0
AT1G09430.1	1	0	0	0	0	3	0
AT3G52500.1	1	0	0	0	0	2	0
AT3G07470.1	1	0	4	0	0	1	0
AT2G45140.1	1	0	0	2	0	2	0
AT5G23290.1	1	0	1	0	1	0	0
AT3G62110.1	1	0	0	0	3	0	0
AT1G30400.1	1	0	0	0	0	2	0
AT2G40060.1	1	0	3	0	0	2	0
AT1G21630.1	1	3	0	0	0	0	0
AT4G32150.1	1	2	1	2	0	0	0
AT1G20810.1	1	1	0	0	0	0	0
AT2G25840.1	1	1	6	0	0	0	0
AT1G79690.1	1	1	3	1	0	0	0
AT5G19860.1	1	0	0	0	0	0	0
AT3G01290.1	1	0	4	2	0	0	0
AT5G17050.1	1	0	0	0	0	0	0
AT5G27670.1	1	0	1.4	0	1.3	2.7	0
AT5G58590.1	1	1.7	0	0	0	0	0
sum98	1	1.2	0	0	1.2	0	0
AT3G06720.1	1	0	0	0	0	3	0
AT3G01340.1	1	0	0	2.5	0	3	0
AT3G49110.1	1	4	2.8	0	0	0	0
AT1G02475.1	1	0	0	0	1	3	1
AT4G26670.1	1	2	0	0	0	3	3
AT1G12780.1	1	0	1	2	0	1	1
AT4G15110.1	1	0	0	1	1	0	1
AT3G16110.1	1	0	0	1	1	0	1
AT1G75690.1	1	0	0	0	2	2	0
AT5G57170.1	1	0	1	0	1	1	0
AT1G64980.1	1	1	0	0	2	3	0
AT1G62740.1	1	0	0	0	4	0	3
AT1G71310.1	1	0	0	0	1	2	0
AT2G32450.1	1	0	3	0	1	2	0
AT2G32090.1	1	0	1	0	1	2	0
AT2G03680.1	1	0	2	0	1	2	0
AT1G02140.1	1	0	0	0	3	2	0
AT3G44110.1	1	0	0	0	3	2	0
AT2G03120.1	1	0	0	2	0	2	1
AT5G42480.1	1	0	1	0	1	3	0
AT5G45170.1	1	1	2	0	4	1	0
AT3G57280.1	1	1	0	0	0	0	1
AT1G60550.1	1	1	0	2	0	0	1
AT5G58870.1	1	0	0	1	0	0	2
AT5G53860.1	1	0	0	2	0	0	1
AT4G03190.1	1	0	0	0	0	0	1
AT4G10000.1	1	2	0	0	2	0	0
AT3G07100.1	1	2	0	0	0	3	0
AT3G14840.2	1	2	5	0	0	1	0
AT4G32320.1	1	2	1	0	2	0	0
AT3G56130.1	1	1	2	2	0	2	0
AT3G25660.1	1	1	0	0	1	0	0
AT5G15970.1	1	1	0	0	3	0	0
AT3G04260.1	1	0	0	0	2	0	0
AT2G27290.1	1	0	1	0	0	1	0
ATCG01020.1	1	0	2	0	0	1	0
AT2G02500.1	1	0	2	2	0	1	0
AT4G14870.1	1	0	0	0	3	0	0
AT1G08550.1	1	0	0	0	1	0	0
AT4G14570.1	1	0	2	0	3	0	0
AT3G10260.1	1	0	0	2	0	1	0
AT2G44100.1	1	0	0	0	3	0	0
AT2G26250.1	1	0	0	0	1	0	0
AT1G59700.1	1	0	1	1	0	1	0
AT3G02950.1	1	0	3	0	0	1	0
AT4G33590.1	1	0	0	0	0	0	3
AT5G27290.1	1	0	2	0	0	1	0
AT3G03890.1	1	2	3	1	0	0	0
AT4G37300.1	1	2	1	0	0	0	0
AT1G61790.1	1	2	0	2	0	0	0
AT5G20250.1	1	1	3	0	0	0	0
AT3G56010.1	1	0	3	0	0	0	0
AT4G10300.1	1	0	3	0	0	0	0
sum62	1	0	0	0	0	0	0
AT5G55160.1	1	0	4	0	0	0	0
AT2G44310.1	1	0	2	2	0	0	0
AT1G74560.1	1	0	0	0	0	0	0
AT5G55940.1	1	0	0	2	0	0	0
sum3	1	0	0	0	0	0	3
AT5G23900.1	1	1	1.1	0	0	1.6	0
AT2G05840.1	1	0	1.2	0	0	3	0
AT1G77060.1	1	2	2	0	0	0	0
AT1G15290.1	1	1	0	0	0	1	0
AT1G26880.1	1	0	1.5	2	0	2.1	0
AT3G03100.1	1	0	1	0	1	1	1
AT5G27380.1	1	0	0	0	0	1	1
AT5G40480.1	1	0	0	0	3	4	0
AT1G53210.1	1	0	0	0	2	2	0
AT1G75680.1	1	0	0	0	1	1	0
AT5G18400.1	1	0	0	1	0	2	1
AT5G23440.1	1	1	0	0	2	1	0
AT3G52180.1	1	3	2	0	0	0	1
ATCG00630.1	1	0	0	3	0	0	2
AT4G02340.1	1	0	0	2	0	0	2
sum92	1	0	0	0	0	0	2
AT3G46060.1	1	2.2	0	0	2.4	0	0
AT3G18600.1	1	0	1	0	0	5	0
AT3G13235.1	1	2	0	0	2	0	0
AT1G63680.1	1	1	2	0	0	1	0
AT5G65840.1	1	1	1	0	0	1	0
AT5G39730.1	1	1	1	0	2	0	0
AT3G51420.1	1	1	3	0	0	1	0
AT4G19003.1	1	1	0	0	1	0	0
AT5G47870.1	1	0	1	1	0	1	0
AT3G29185.1	1	0	0	0	0	2	0
AT3G48500.1	1	0	1	0	0	1	0
AT3G02660.1	1	0	0	0	0	2	0
AT3G10690.1	1	0	0	0	0	3	0
AT1G76400.1	1	0	1	0	0	1	0
AT1G27310.1	1	0	2	0	3	0	0
AT2G39940.1	1	0	3	0	0	2	0
AT3G46940.1	1	0	0	0	0	1	0
AT4G21110.1	1	0	2	0	0	2	0
AT1G71040.1	1	0	1	0	0	2	0
sum69	1	0	0	3	2	0	0
AT2G44490.1	1	0	0	0	2	0	0
AT5G14800.1	1	0	2	0	0	2	0
AT3G01680.1	1	0	0	1	0	2	0
AT4G28780.1	1	5	1	0	0	0	0
AT2G34640.1	1	3	0	0	0	0	0
AT3G15690.2	1	2	4	0	0	0	0
AT5G44520.1	1	2	2	0	0	0	0
AT3G04720.1	1	2	4	0	0	0	0
AT4G14160.1	1	2	4	0	0	0	0
AT1G74960.1	1	1	0	1	0	0	0
AT1G48860.1	1	1	0	0	0	0	0
AT3G17940.1	1	1	4	1	0	0	0
AT4G12590.1	1	1	1	1	0	0	0
AT2G43630.1	1	0	2	2	0	0	0
AT1G15710.1	1	0	0	0	0	0	0
AT2G29960.1	1	0	0	0	0	0	0
AT5G11770.1	1	0	0	3	0	0	0
sum56	1	0	0	0	0	0	0
sum45	1	0	0	3	0	0	0
AT1G21770.1	1	0	2	0	0	0	0
AT1G30540.1	1	0	0	0	0	0	0
sum144	1	0	4	0	0	0	0
AT1G55020.1	1	0	3	0	0	0	0
AT3G59020.1	1	0	0	0	0	0	0
AT5G34850.1	1	0	0	1	0	0	0
AT5G66420.1	1	0	0	0	0	0	0
AT4G15545.1	1	0	2	1	0	0	0
AT1G01820.1	1	1	0	1.5	0	1.2	0
AT1G22410.1	1	1	0	0	3.2	1	0
AT3G57330.1	1	2	1.3	0	0	0	0
sum11	1	0	0	0	0	0	0
AT5G07340.1	1	1.4	1.9	0	0	0	0
AT5G11720.1	1	0	2	0	1	1	1
AT4G23940.1	1	1	1	0	2	2	0
AT5G35970.1	1	0	0	0	1	1	0
AT1G18590.1	1	0	1	0	1	1	0
AT5G39210.1	1	1	0	0	1	2	0
AT2G36130.1	1	1	1	0	2	0	1
AT5G20130.1	1	0	0	1	2	0	1
AT2G13440.1	1	0	0	1	1	3	0
AT1G67140.1	1	0	1	0	1	3	0
AT2G28800.1	1	2	0	0	0	0	1
AT4G34730.1	1	1	0	0	0	0	2
AT5G04440.1	1	0	0	1	0	0	1
AT2G04690.1	1	0	2	0	0	0	1
AT1G55890.1	1	0	0	1	0	0	2
AT5G42070.1	1	2	0	0	3	0	0
AT2G30060.1	1	2	0	0	1	0	0
AT3G23920.1	1	1	2	0	0	1	0
AT1G48410.1	1	1	0	0	0	1	0
AT3G24170.1	1	1	0	0	0	1	0
AT2G31810.1	1	0	0	1	0	1	0
AT3G06730.1	1	0	0	0	0	1	0
AT4G26900.1	1	0	0	0	2	0	0
AT5G35220.1	1	0	0	0	0	1	0
AT1G15390.1	1	0	0	2	1	0	0
AT1G03220.1	1	0	1	0	1	0	0
AT5G57950.1	1	0	1	1	0	2	0
AT5G43430.1	1	0	1	2	1	0	0
AT1G62660.1	1	0	0	0	0	1	0
AT3G61200.1	1	0	2	0	0	3	0
AT2G05520.1	1	0	0	0	4	0	0
AT3G61820.1	1	0	0	0	2	0	0
AT1G21250.1	1	0	3	0	0	2	0
AT4G23180.1	1	0	3	0	1	0	0
AT1G29850.1	1	0	1	0	1	0	0
AT3G55620.1	1	0	2	2	0	1	0
AT5G06390.1	1	0	2	0	4	0	0
AT1G11660.1	1	0	0	1	0	3	0
AT4G14300.1	1	0	0	1	0	2	0
sum114	1	0	0	0	0	3	0
AT2G03440.1	1	0	2	0	0	1	0
AT4G32180.1	1	0	2	0	0	1	0
AT1G43190.1	1	0	0	0	0	1	0
AT2G20760.1	1	0	0	0	3	0	0
AT4G34180.1	1	0	1	2	0	1	0
AT3G10380.1	1	0	1	0	0	2	0
AT3G15950.1	1	0	0	0	0	1	0
sum52	1	0	0	0	4	0	0
AT2G14750.1	1	2	2	0	0	0	0
AT3G04780.1	1	2	3	0	0	0	0
AT5G62140.1	1	1	0	0	0	0	0
AT5G02740.1	1	1	1	1	0	0	0
AT1G73090.1	1	1	1	0	0	0	0
AT3G53700.1	1	0	0	1	0	0	0
AT4G28025.1	1	0	2	0	0	0	0
ATCG00570.1	1	0	0	3	0	0	0
AT3G13490.1	1	0	0	1	0	0	0
AT3G06850.1	1	0	1	0	0	0	0
AT5G35620.1	1	0	1	0	0	0	0
AT4G39660.1	1	0	0	0	0	0	0
AT3G61240.1	1	0	0	0	0	0	0
AT4G37550.1	1	0	0	0	0	0	0
AT5G49360.1	1	0	0	0	0	0	0
AT3G47810.1	1	0	2	0	0	0	0
AT5G05610.1	1	0	0	0	0	0	0
AT3G07160.1	1	0	0	1	0	4.5	0
AT5G63680.1	1	1	0	0	0	1.4	0
AT1G76550.1	1	0	2.2	0	0	2.2	0
AT1G22740.1	1	0	2.3	0	0	0	0
AT1G13900.1	1	0	2	0	0	1	1
AT2G13560.1	1	0	2	0	0	1	1
AT3G63130.1	1	0	0	1	0	1	1
AT3G16810.1	1	0	0	2	0	1	1
AT3G11560.1	1	1	0	0	1	1	0
AT1G60000.1	1	0	1	0	1	1	0
AT5G17420.1	1	2	0	0	1	2	0
AT4G22010.1	1	0	0	0	1	2	0
AT1G02910.1	1	0	0	0	1	0	2
AT4G30950.1	1	0	0	0	2	1	0
AT3G11170.1	1	0	0	1	0	0	1
AT1G11890.1	1	0	0	2	0	0	1
sum121	1	0	4	0	0	0	1
AT4G14100.1	1	0	0	0	0	0	2
AT3G23760.1	1	0	2	0	0	0	1
AT3G02260.1	1	0	0	0	0	5	0
AT3G54760.1	1	3	0	0	2	0	0
AT3G53180.1	1	3	0	0	1	0	0
AT4G28706.2	1	2	0	0	0	2	0
AT5G48790.1	1	2	0	1	2	0	0
AT4G32915.1	1	2	1	0	1	0	0
AT2G17870.1	1	2	0	0	1	0	0
AT5G64030.1	1	2	0	0	0	3	0
AT2G06530.1	1	1	0	0	1	0	0
AT5G46860.1	1	1	0	0	1	0	0
AT5G57330.1	1	1	0	0	1	0	0
AT2G27960.1	1	1	2	0	0	1	0
AT1G26110.1	1	1	0	0	0	2	0
AT1G14830.1	1	0	1	0	0	4	0
AT5G25940.1	1	0	1	0	0	1	0
AT3G51600.1	1	0	0	0	0	2	0
AT5G04170.1	1	0	1	0	0	1	0
AT3G04480.1	1	0	1	0	0	1	0
AT4G11820.1	1	0	0	0	3	0	0
AT2G27450.1	1	0	1	2	0	1	0
AT5G60980.1	1	0	0	0	1	0	0
AT3G60340.1	1	0	3	0	0	1	0
AT5G42240.1	1	0	0	0	2	0	0
AT5G19690.1	1	0	0	0	2	0	0
AT3G62550.1	1	0	1	0	0	2	0
AT2G41950.1	1	2	2	0	0	0	0
sum130	1	2	0	0	0	0	0
AT5G43850.1	1	2	0	0	0	0	0
AT3G07950.1	1	2	0	0	0	0	0
AT5G40490.1	1	2	0	0	0	0	0
AT3G48720.1	1	2	0	0	0	0	0
AT1G18640.2	1	1	4	0	0	0	0
AT3G27740.1	1	1	0	0	0	0	0
AT4G01100.1	1	1	0	0	0	0	0
AT3G13160.1	1	1	3	0	0	0	0
AT1G79560.1	1	0	0	0	0	0	0
AT4G19006.1	1	0	5	0	0	0	0
AT1G10670.1	1	0	0	0	0	0	0
AT3G27380.1	1	0	5	0	0	0	0
AT5G44020.1	1	0	2	0	0	0	0
AT1G20696.1	1	0	0	0	0	0	0
AT4G17260.1	1	0	1	0	0	0	0
AT3G53890.1	1	0	0	3	0	0	0
AT3G59600.1	1	0	0	1	0	0	0
AT1G20580.1	1	0	2	0	0	0	0
AT2G31750.1	1	0	0	0	0	0	0
AT2G44870.1	1	0	0	0	0	0	0
AT3G45780.1	1	0	0	0	0	0	0
AT2G20530.1	1	0	0	0	0	1.4	0
AT4G22570.1	1	0	1.1	0	0	0	0
AT5G11520.1	1	0	2.1	0	0	1	0
AT1G79990.1	1	0	2	0.7	0	0	0
AT1G79750.1	1	0	1	0	1	0	0
AT1G16340.1	1	0	0	2.8	0	0	0
AT2G17630.1	1	0	1.1	0	0	0	0
AT5G15910.1	1	1	0	0	0	1	1
AT4G32720.1	1	0	0	0	0	1	1
AT1G29700.1	1	0	0	0	1	1	0
AT1G10830.1	1	0	0	0	0	2	1
AT5G02890.1	1	0	0	0	0	2	1
AT4G37270.1	1	0	1	0	0	1	2
AT1G49430.1	1	0	0	0	0	1	2
AT5G19855.1	1	1	0	0	2	1	0
AT5G36890.1	1	0	0	0	2	1	0
AT5G12370.1	1	0	0	0	3	1	0
AT4G31120.1	1	1	0	0	0	0	1
AT5G64300.1	1	0	0	1	0	0	1
AT5G42150.1	1	0	0	0	0	0	2
AT5G60720.1	1	0	2	0	0	0	2
AT5G20950.1	1	2	0	0	1	0	0
AT5G39830.1	1	1	0	0	0	1	0
AT2G31170.1	1	1	0	0	2	0	0
AT3G25150.1	1	1	0	0	3	0	0
AT3G16290.1	1	0	2	0	0	2	0
AT2G21370.1	1	0	0	0	2	0	0
AT1G54570.1	1	0	0	0	0	2	0
AT4G28740.1	1	0	0	0	2	0	0
AT2G32640.1	1	0	0	0	0	1	0
AT1G73990.1	1	0	0	0	1	0	0
AT4G18370.1	1	0	0	0	0	2	0
AT5G53170.1	1	0	0	0	2	0	0
AT1G04170.1	1	0	0	0	2	0	0
AT3G61111.1	1	0	0	0	4	0	0
AT4G14430.1	1	0	1	1	0	1	0
AT4G35230.1	1	0	0	0	1	0	0
AT3G03270.1	1	0	0	1	0	1	0
AT3G44340.1	1	0	0	0	0	1	0
AT1G54220.1	1	0	0	0	0	2	0
AT2G14120.1	1	0	1	0	0	2	0
AT5G63910.1	1	0	0	0	2	0	0
AT4G03550.1	1	0	0	0	0	3	0
AT5G60620.1	1	0	0	0	0	1	0
AT3G07050.1	1	0	0	1	0	2	0
AT4G17520.1	1	0	0	0	2	0	0
AT3G19340.1	1	0	0	0	2	0	0
AT4G36800.1	1	0	1	0	1	0	0
AT2G20990.1	1	0	0	1	1	0	0
AT4G28770.1	1	0	0	0	1	0	0
AT4G13840.1	1	0	0	0	1	0	0
AT1G72550.1	1	0	0	0	0	1	0
AT3G57890.1	1	0	0	0	0	1	0
AT4G38200.1	1	0	0	0	0	2	0
AT4G32930.1	1	0	2	0	1	0	0
AT5G18570.1	1	2	0	0	0	0	0
AT3G54840.1	1	2	1	0	0	0	0
AT3G04610.1	1	2	2	0	0	0	0
AT5G11900.1	1	2	0	0	0	0	0
sum54	1	2	0	0	0	0	0
AT5G64570.1	1	2	0	0	0	0	0
AT1G50380.1	1	1	1	0	0	0	0
AT2G17130.1	1	1	1.3	0	0	0	0
AT5G15610.1	1	1	2	0	0	0	0
AT5G27700.1	1	1	1	0	0	0	0
AT4G33625.1	1	1	1	1	0	0	0
AT2G24820.1	1	0	0	0	0	0	0
AT5G16290.1	1	0	1	1	0	0	0
AT2G30390.1	1	0	0	0	0	0	0
AT1G50170.1	1	0	1	2	0	0	0
AT2G35010.1	1	0	0	0	0	0	0
AT3G59840.1	1	0	0	0	0	0	0
AT3G29200.1	1	0	0	0	0	0	0
AT1G41880.1	1	0	0	0	0	0	0
AT2G02050.1	1	0	2	0	0	0	0
AT5G39950.1	1	0	0	0	0	0	0
AT3G51800.1	1	0	0	1	0	0	0
AT1G56110.1	1	0	0	0	0	0	0
AT2G02850.1	1	0	2	0	0	0	0
AT3G52720.1	1	0	0	0	0	0	0
AT5G36160.1	1	0	0	0	0	0	0
AT5G42190.1	1	0	2	1	0	0	0
AT5G37680.1	1	0	1	0	0	0	0
AT5G13930.1	1	0	0	0	0	0	0
AT1G09490.1	1	0	0	0	0	0	0
AT5G51660.1	1	0	1	0	0	0	0
AT3G17770.1	1	0	0	0	0	0	0
AT2G32920.1	1	0	0	0	0	0	0
AT5G36230.1	1	0	0	0	0	0	0
AT5G04885.1	1	0	0	0	0	0	0
AT2G33340.1	1	0	0	0	0	0	0
AT2G23420.1	1	0	0	0	0	0	0
AT1G72160.1	1	0	3	0	0	0	0
AT1G51710.1	1	0	0	0	0	0	0
AT1G27030.1	1	0	0	0	0	0	0
AT4G02370.1	1	0	2	0	0	0	0
AT5G45280.1	1	0	1.7	0	0	0	0
AT3G11910.1	1	0	2	0	0	0	0
sum55	1	0	0	0	0	3.4	0
AT5G65810.1	1	0	1.2	0	0	0	0
AT4G13170.1	1	0	0	0	1.3	0	1.8
AT5G05470.1	1	0	0	0	0	1	1
AT3G23820.1	1	0	0	0	1	0	1
AT4G22670.1	1	0	0	0	1	1	0
AT5G28750.1	1	0	0	0	1	2	0
AT2G45540.1	1	0	0	0	1	2	0
AT1G09010.1	1	0	0	0	0	2	1
AT1G27385.1	1	0	0	0	2	1	0
AT5G40930.1	1	1	0	0	0	0	1
AT1G65410.1	1	0	0	0	0	0	1
AT3G17970.1	1	0	0	0	0	0	1
AT3G19900.1	1	0	0	0	0	0	1
AT5G53540.1	1	0	0	1	0	0	1
AT5G08180.1	1	0	0	0	0	0	1
AT4G26860.1	1	0	0	1	0	0	1
AT5G19850.1	1	0	0	2	0	0	1
AT2G41090.1	1	0	0	0	0	0	2
AT5G11980.1	1	0	0	0	0	0	1
AT2G35810.1	1	0	2	0	0	0	1
AT4G04610.1	1	1	0	0	0	1	0
AT4G30270.1	1	1	0	0	2	0	0
AT1G12920.1	1	1	0	0	2	0	0
AT3G28200.1	1	1	0	0	0	2	0
AT4G37660.1	1	1	0	0	2	0	0
AT5G64840.1	1	0	0	0	1	0	0
AT1G23180.1	1	0	0	0	0	1	0
AT3G05625.1	1	0	0	0	0	1	0
AT5G22510.1	1	0	0	0	0	1	0
AT1G07700.1	1	0	1	0	1	0	0
AT4G29590.1	1	0	0	1	0	2	0
AT3G10050.1	1	0	0	0	1	0	0
AT1G15980.1	1	0	0	0	0	1	0
AT3G51510.1	1	0	0	0	0	1	0
ATCG01010.1	1	0	0	0	0	3	0
AT3G15000.1	1	0	1	0	0	1	0
AT1G01050.1	1	0	0	0	0	3	0
AT3G13330.1	1	0	0	0	1	0	0
AT5G55610.1	1	0	0	0	0	2	0
AT4G00660.1	1	0	0	0	1	0	0
AT2G16460.1	1	0	0	0	1	0	0
AT1G73650.1	1	0	0	1	0	1	0
AT1G65540.1	1	0	0	2	0	1	0
AT1G64850.1	1	0	0	0	0	2	0
AT3G54600.1	1	0	2	0	0	1	0
AT4G39090.1	1	0	0	0	0	2	0
AT3G56630.1	1	0	0	0	0	1	0
AT3G52370.1	1	0	0	0	0	3	0
AT4G17330.1	1	0	0	0	0	2	0
AT1G65440.1	1	0	1	0	0	1	0
AT5G56740.1	1	0	0	0	3	0	0
AT1G09270.1	1	0	0	0	1	0	0
AT5G21100.1	1	0	0	0	0	1	0
AT5G47010.1	1	0	0	0	1	0	0
sum136	1	0	0	0	3	0	0
AT2G16485.1	1	0	0	0	0	2	0
AT4G26110.1	1	0	0	0	1	0	0
AT2G34680.1	1	0	1	0	0	2	0
AT1G26550.1	1	0	0	0	1	0	0
AT2G25800.1	1	0	0	0	0	1	0
AT3G27310.1	1	0	0	0	1	0	0
AT4G36020.1	1	0	0	0	0	1	0
AT3G11964.1	1	0	0	0	0	3	0
AT5G08260.1	1	0	0	0	1	0	0
AT4G33640.1	1	0	1	0	0	1	0
AT1G65010.1	1	0	1	0	1	0	0
AT4G29830.1	1	0	0	2	0	1	0
AT5G01730.1	1	0	0	2	1	0	0
sum68	1	3	0	0	0	0	0
AT1G15730.1	1	2	0	0	0	0	0
AT1G05385.1	1	2	0	0	0	0	0
AT1G04640.1	1	2	1	0	0	0	0
AT1G20440.1	1	2	0	0	0	0	0
AT3G47000.1	1	2	0	0	0	0	0
AT3G17810.1	1	1	0	0	0	0	0
AT3G07430.1	1	1	0	0	0	0	0
AT1G08490.1	1	1	0	0	0	0	0
AT3G51550.1	1	1	1	0	0	0	0
AT3G60830.1	1	1	2	0	0	0	0
AT4G14110.1	1	1	2	0	0	0	0
AT5G61030.1	1	1	0	0	0	0	0
AT1G51805.1	1	1	2	0	0	0	0
AT1G52340.1	1	1	2	0	0	0	0
AT4G12720.1	1	1	0	0	0	0	0
AT3G13720.1	1	1	2	0	0	0	0
AT2G03870.1	1	1	0	0	0	0	0
AT4G09580.1	1	1	0	0	0	0	0
AT1G32160.1	1	1	2	0	0	0	0
AT5G41970.1	1	1	1	0	0	0	0
AT3G51140.1	1	0	1	0	0	0	0
AT1G75460.1	1	0	0	0	0	0	0
AT5G64580.1	1	0	2	0	0	0	0
AT3G20680.1	1	0	0	0	0	0	0
AT1G53120.1	1	0	0	0	0	0	0
AT4G01940.1	1	0	0	0	0	0	0
AT2G47400.1	1	0	1	1	0	0	0
AT2G47450.1	1	0	0	0	0	0	0
AT1G70070.1	1	0	2	0	0	0	0
AT4G39960.1	1	0	0	0	0	0	0
AT4G09350.1	1	0	0	0	0	0	0
AT3G25480.1	1	0	3	0	0	0	0
AT5G04900.1	1	0	0	1	0	0	0
AT2G28605.1	1	0	1	0	0	0	0
AT4G28660.1	1	0	2	0	0	0	0
AT3G57090.1	1	0	1	0	0	0	0
sum38	1	0	0	0	0	0	0
AT4G29810.1	1	0	1	0	0	0	0
AT5G18170.1	1	0	0	0	0	0	0
AT2G27730.1	1	0	1	0	0	0	0
AT1G11930.1	1	0	2	0	0	0	0
AT5G03350.1	1	0	0	0	0	0	0
AT4G29480.1	1	0	0	0	0	0	0
AT3G22210.1	1	0	0	0	0	0	0
sum48	1	0	0	3	0	0	0
AT4G18360.1	1	0	0	0	0	0	0
AT1G44170.1	1	0	1	0	0	0	0
AT1G71180.1	1	0	1	0	0	0	0
AT3G28930.1	1	0	0	0	0	0	0
AT5G07030.1	1	0	0	0	0	0	0
AT4G32130.1	1	0	0	0	0	0	0
AT1G44790.1	1	0	1	0	0	0	0
AT1G05850.1	1	0	1	0	0	0	0
AT2G07050.1	1	0	0	0	0	0	0
AT2G47380.1	1	0	0	0	0	0	0
AT4G35800.1	1	0	1	0	0	0	0
AT3G07680.1	1	0	3	0	0	0	0
AT3G25220.1	1	0	0	0	0	0	0
AT5G13780.1	1	0	0	0	0	0	0
AT2G02390.1	1	0	3	0	0	0	0
AT3G20670.1	1	0	0	0	0	0	0
AT1G14710.1	1	0	0	0	0	0	0
AT1G06530.1	1	0	1	0	0	0	0
AT4G21960.1	1	0	1	0	0	0	0
AT3G56110.1	1	0	2	0	0	0	0
AT4G25550.1	1	0	0	0	0	0	0
AT1G43890.1	1	0	0	0	0	0	0
AT3G60440.1	1	0	3	0	0	0	0
AT5G51300.1	1	0	0	0	0	0	0
AT1G74020.1	1	0	1	0	0	0	0
AT3G57030.1	1	0	0	1	0	0	0
AT4G04950.1	1	0	0	0	0	0	0
sum139	1	0	0	0	0	0	0
AT1G20816.1	1	0	0	0	0	0	0
AT1G65270.1	1	0	0	0	0	0	0
AT1G24460.1	1	0	3	0	0	0	0
AT2G15860.1	1	0	0	0	0	0	0
AT1G04530.1	1	0	0	0	0	0	0
AT3G28270.1	1	0	0	0	0	0	0
AT3G15680.1	1	0	0	0	0	0	0
AT1G20630.1	1	0	0	0	0	0	0
AT3G26080.1	1	0	0	0	0	0	0
AT1G53500.1	1	0	0	0	0	0	0
AT5G12110.1	1	2.3	0	0	0	0	0
AT2G37860.1	1	0	0	0	1	1	0
AT1G66520.1	1	0	0	0	0	0	1
AT4G13670.1	1	0	0	0	0	0	1
AT1G78140.1	1	0	0	1	0	0	1
AT2G40300.1	1	0	1	0	0	0	1
AT2G17120.1	1	0	0	0	0	0	2
AT2G17840.1	1	0	0	0	0	0	1
AT1G53840.1	1	0	0	0	0	0	2
AT4G24550.1	1	0	0	0	0	0	1
AT2G37040.1	1	0	0	0	0	0	2
AT5G04230.1	1	0	0	0	0	0	2
AT2G42710.1	1	0	0	0	0	0	1
AT3G54090.1	1	1	0	0	1	0	0
AT4G24680.1	1	1	0	0	1	0	0
AT2G42610.1	1	1	0	0	1	0	0
AT5G20570.1	1	1	0	0	1	0	0
AT4G13590.1	1	1	0	0	1	0	0
AT4G31040.1	1	0	0	0	1	0	0
AT2G25870.1	1	0	0	0	1	0	0
AT3G62910.1	1	0	0	0	0	1	0
AT1G10510.1	1	0	0	0	1	0	0
AT3G60210.1	1	0	0	0	1	0	0
AT1G06130.1	1	0	0	0	2	0	0
AT1G32440.1	1	0	0	0	2	0	0
sum123	1	0	0	0	2	0	0
AT3G05420.1	1	0	0	0	1	0	0
AT1G07110.1	1	0	0	0	0	1	0
AT4G23650.1	1	0	0	0	1	0	0
AT4G05160.1	1	0	0	0	1	0	0
AT1G76850.1	1	0	0	0	0	1	0
AT4G03560.1	1	0	0	0	0	1	0
AT5G11490.1	1	0	0	0	0	1	0
AT2G26780.1	1	0	0	0	2	0	0
AT4G10120.1	1	0	0	0	0	2	0
AT5G13360.1	1	0	1	0	0	1	0
AT2G24180.1	1	0	0	0	1	0	0
AT1G60420.1	1	0	0	0	1	0	0
AT2G45810.1	1	0	0	0	2	0	0
AT1G62630.1	1	0	0	0	0	1	0
AT1G31730.1	1	0	0	0	0	1	0
AT5G11340.1	1	0	0	0	0	1	0
AT5G57440.1	1	0	0	0	0	1	0
AT1G22270.1	1	0	0	0	1	0	0
AT3G61050.1	1	0	0	0	2	0	0
AT1G26460.1	1	0	1	0	1	0	0
AT2G17930.1	1	0	0	0	0	2	0
AT5G44070.1	1	0	0	0	2	0	0
AT3G22480.1	1	0	0	0	2	0	0
AT2G47250.1	1	0	0	0	2	0	0
AT1G47490.1	1	0	0	0	1	0	0
AT5G55850.1	1	0	0	0	2	0	0
AT1G52600.1	1	0	0	0	0	2	0
AT1G51160.1	1	0	0	1	0	1	0
AT3G27960.1	1	0	1	0	0	1	0
AT5G61140.1	1	0	1	0	0	1	0
AT4G14090.1	1	0	0	0	1	0	0
AT1G05560.1	1	0	0	0	0	1	0
AT5G11040.1	1	0	0	0	1	0	0
AT3G13845.1	1	0	0	0	2	0	0
AT1G21380.1	1	0	0	0	0	2	0
AT1G74100.1	1	2	0	0	0	0	0
AT5G55660.1	1	2	0	0	0	0	0
AT4G20760.1	1	1	1	0	0	0	0
AT2G26140.1	1	1	0	0	0	0	0
AT5G39410.1	1	1	0	0	0	0	0
AT2G11890.1	1	1	0	0	0	0	0
AT2G21060.1	1	1	1	0	0	0	0
AT1G78060.1	1	1	0	0	0	0	0
AT2G38740.1	1	1	0	0	0	0	0
AT1G58270.1	1	1	0	0	0	0	0
AT5G07460.1	1	1	0	0	0	0	0
AT3G46510.1	1	1	0	0	0	0	0
AT5G11950.1	1	1	0	0	0	0	0
AT4G07390.1	1	1	0	0	0	0	0
AT5G59950.1	1	1	0	0	0	0	0
AT5G51120.1	1	1	0	1	0	0	0
AT5G08160.1	1	1	0	0	0	0	0
AT4G37210.1	1	1	0	0	0	0	0
AT1G52730.1	1	1	0	0	0	0	0
AT5G67370.1	1	1	1	0	0	0	0
AT3G07230.1	1	1	0	0	0	0	0
AT1G60990.1	1	0	0	0	0	0	0
AT1G48420.1	1	0	0	0	0	0	0
AT5G44600.1	1	0	0	0	0	0	0
AT3G01060.1	1	0	0	0	0	0	0
AT5G08610.1	1	0	0	0	0	0	0
ATCG00640.1	1	0	0	0	0	0	0
AT2G38140.1	1	0	0	0	0	0	0
AT1G79790.1	1	0	0	0	0	0	0
AT1G58290.1	1	0	0	0	0	0	0
AT1G74030.1	1	0	0	0	0	0	0
AT4G11980.1	1	0	2	0	0	0	0
AT4G38225.1	1	0	0	0	0	0	0
AT5G63100.1	1	0	1	0	0	0	0
AT2G41040.1	1	0	0	0	0	0	0
AT5G01500.1	1	0	0	0	0	0	0
AT2G01110.1	1	0	0	0	0	0	0
AT1G62480.1	1	0	0	0	0	0	0
AT3G59990.1	1	0	0	0	0	0	0
AT2G20860.1	1	0	0	0	0	0	0
AT2G19680.1	1	0	0	0	0	0	0
sum10	1	0	0	0	0	0	0
AT2G45640.1	1	0	0	0	0	0	0
AT5G18100.1	1	0	0	0	0	0	0
AT5G43280.1	1	0	2	0	0	0	0
AT4G16566.1	1	0	0	0	0	0	0
AT5G42890.1	1	0	0	0	0	0	0
AT3G02770.1	1	0	2	0	0	0	0
AT3G28860.1	1	0	0	0	0	0	0
AT5G03040.1	1	0	0	0	0	0	0
AT5G08080.1	1	0	0	1	0	0	0
AT5G11710.1	1	0	0	0	0	0	0
AT4G17100.1	1	0	0	0	0	0	0
AT2G30105.1	1	0	2	0	0	0	0
AT1G18450.1	1	0	0	0	0	0	0
AT5G08380.1	1	0	0	0	0	0	0
AT1G67490.1	1	0	1	0	0	0	0
AT1G01910.1	1	0	2	0	0	0	0
AT5G10240.1	1	0	0	0	0	0	0
AT1G51680.1	1	0	0	0	0	0	0
AT5G62740.1	1	0	1	0	0	0	0
AT2G25370.2	1	0	0	0	0	0	0
AT4G16500.1	1	0	0	2	0	0	0
AT1G54410.1	1	0	0	0	0	0	0
AT1G49510.1	1	0	0	0	0	0	0
AT1G55450.1	1	0	2	0	0	0	0
AT5G01400.1	1	0	2	0	0	0	0
AT3G59380.1	1	0	0	0	0	0	0
AT5G10730.1	1	0	1	0	0	0	0
AT4G30550.1	1	0	2	0	0	0	0
AT5G49215.1	1	0	0	0	0	0	0
AT1G20050.1	1	0	1	1	0	0	0
AT5G48180.1	1	0	0	2	0	0	0
AT1G65820.1	1	0	0	0	0	0	0
AT1G04260.1	1	0	0	0	0	0	0
AT5G64440.1	1	0	2	0	0	0	0
AT1G05180.1	1	0	0	0	0	0	0
AT4G32590.1	1	0	1	0	0	0	0
AT3G58470.1	1	0	0	0	0	0	0
AT1G52190.1	1	0	0	0	0	0	0
AT3G55940.1	1	0	0	0	0	0	0
AT3G19420.1	1	0	0	0	0	0	0
AT3G53970.1	1	0	0	0	0	0	0
AT3G02510.1	1	0	0	0	0	0	0
AT1G64090.1	1	0	0	1	0	0	0
AT5G02530.1	1	0	0	0	0	0	0
AT3G51730.1	1	0	0	0	0	0	0
AT1G01630.1	1	0	0	0	0	0	0
AT5G02280.1	1	0	0	0	0	0	0
AT1G28490.1	1	0	2	0	0	0	0
AT1G15750.1	1	0	0	0	0	0	0
AT3G15610.1	1	0	0	0	0	0	0
AT2G19520.1	1	0	0	0	0	0	0
AT5G54750.1	1	0	1	0	0	0	0
AT3G10220.1	1	0	1	0	0	0	0
AT3G01520.1	1	0	0	0	0	0	0
AT1G79090.1	1	0	0	0	0	0	0
AT2G38160.1	1	0	0	0	0	0	0
AT4G01290.1	1	0	0	0	0	0	0
AT5G13560.1	1	0	2	0	0	0	0
AT5G53045.1	1	0	0	0	0	0	0
AT5G24165.1	1	0	0	0	0	0	0
AT5G35570.1	1	0	0	2	0	0	0
AT1G27930.1	1	0	0	1	0	0	0
AT5G11580.1	1	0	0	0	0	0	0
AT2G38410.1	1	0	1	0	0	0	0
AT4G19490.1	1	0	1	0	0	0	0
AT2G37670.1	1	0	0	0	0	0	0
AT1G51510.1	1	0	0	2	0	0	0
AT4G27270.1	1	0	1.8	0	0	0	0
AT3G18000.1	1	0	0	1.8	0	0	0
AT2G36850.1	1	0	0	0	0	1.5	0
