Acc	wt-1	wt-2	wt-3	mut-1	mut-2	mut-3
sum13	43.8	48.9	42	51.4	49.2	85.8
sum43	7	0	2	5	5	6
AT2G25140.1	0	0	0	0	1.1	1.1
AT3G55410.1	14	14	5	5	8	12
AT4G26970.1	18.4	18.7	15.2	12.2	13.6	14.6
AT4G01100.1	0	2	0	0	0	1
AT1G17290.1	0	0	1	2	0	2
AT3G48000.1	3	5	1	1	2	4
AT2G17420.1	3	0	0	1	5	0
AT4G35460.1	0	5	2	0	0	2
AT2G21870.1	5	5	0	0	6	6
AT3G52300.1	4	2	5	2	2	5
AT5G47030.1	2	4	0	2	2	1
AT5G13450.1	0	0	0	2	2	3
AT2G33040.1	13	21	14	8	18	13
ATMG01190.1	1.1	0	7.5	9.5	0	0
AT2G44610.1	4.6	3.5	1	2.5	0	1
AT4G32400.1	2	0	0	0	0	1
AT1G47260.1	5	5	2	2	7	9.7
AT5G66510.1	0	0	0	1	0	1.3
AT5G10860.1	1	2	1	2	0	1
AT2G44350.1	0	0	0	1	0	2
AT2G33210.1	13.5	13	8.8	11.2	13.8	15.6
AT3G23990.1	10.5	13	11.3	16.8	23.5	22.6
AT3G13860.1	2	4	0	0	2	1
AT3G61440.1	8	7	3	4	3	9
ATMG00160.1	3	2	2	1	2	2
AT3G27240.1	0	0	0	2	3.3	2
AT5G40810.1	0	0	0	0	1.7	4
AT5G62530.1	2	2	3	1	2	4
AT3G13930.1	4	1	2	0	3	7
AT3G52200.1	3	2	0	0	2	0
AT1G48030.1	18	14	16	15.5	12	17.5
AT3G17240.1	0	2	0	1.5	0	1.5
AT5G27540.1	1	1	3	1	2	1
AT5G14780.1	2	4	5	4	4	11
AT2G29080.1	0	1	0	1	1	1
AT3G22200.2	6	8	0	4	5	8
AT1G32470.1	4	1	4	0	0	4.8
AT2G35370.1	4	2	2	3	5	3.2
AT4G33010.1	137.2	146.7	108.7	154.8	141.9	199.3
AT2G26080.1	53.8	47.3	38.4	43.2	50.1	68.7
AT4G37930.1	39.5	41	40	43	44	55
AT1G74230.1	0	0	0	1	1	1
AT1G29880.1	15	18	13	12	15	13
AT5G09590.1	5.6	1	1.1	7.9	14.4	23.3
AT4G29130.1	0	1	0	1	2	2.4
AT3G07770.1	2.8	6.3	3.9	4.9	11.2	13.8
AT5G03290.1	2	0	0	0	2	1
AT3G02780.1	0	1	0	0	1	3
AT1G53240.1	24.8	22.1	20.4	34.4	31.6	53.6
AT2G13560.1	4	3	0	0	0	0
AT4G00570.1	5	3	4	3	2	2
AT3G10920.1	6	5	1	2	3	3
AT3G08580.1	142	144	104	127	161	167
ATMG00640.1	4	4	0	0	0	4
AT3G02090.1	15	17	21	10	12	16
AT1G51980.1	0	0	0	2	0	0
AT4G37910.1	6.4	12	13.9	16.1	26.6	26.7
AT5G07440.1	2	0	0	0	0	4
ATMG00510.1	9	11	5	5	6	6
ATMG00070.1	1	0	0	0	3	1
AT5G52840.1	1	2	0	0	0	0
AT2G27730.1	0	0	0	0	0	2
AT2G20360.1	1	0	0	0	0	1
AT5G37510.1	15	13	10	15	11	13
AT4G02580.1	1	0	0	2	2	3
AT5G11770.1	0	2	0	1	0	0
AT4G11010.1	2	3	2	2	1	2
AT5G19760.1	20	19	13	17	28	26
AT3G06050.1	3	3	0	0	1	3
AT5G14040.1	20	16	12	15	21	23
AT3G27280.1	0	0	3.4	0	0	0
AT1G03860.1	2	1	0	4	3	7
AT2G30970.1	4	6	2	2	3	7
AT1G24180.1	0	0	0	0	0	2
AT1G59900.1	3	0	3	2	0	2
AT5G50850.1	11	9	6	10	9	13
AT5G66760.1	5	3	3	4	4	6
AT1G79440.1	1	3	3	1	1	6
AT2G20420.1	10	9	4	7	4	9
AT5G26830.1	9	7	2	5	8	15
AT2G40765.1	0	2	0	0	2	1
AT1G14610.1	21	14	5	12	13	14
AT3G01280.1	7.6	5.3	4	7	8.3	9.5
AT5G67500.1	6	6	1	3	11	10
AT5G15090.1	16.4	16.7	12	16	14.7	23.5
sum100	1.4	0.5	0	0	1.4	1.6
sum104	12.9	6.8	12.1	8.4	12.3	17.7
sum21	5.6	5	4	3	3	0
sum55	4.8	4.8	0	0	4.2	3.4
sum58	0	2	0	0	3.4	1.2
sum62	4	0	4	0	0	5
sum67	0	0	0	0	3	6
sum7	2.4	0	6	0	0.7	1.6
sum73	5	3	3	0	3	4
sum74	9	12	7	3	10	6
sum76	3	3	0	0	0	0
sum83	5	4	5	4	3	4
AT1G80660.1	2.6	0	0	0	0	5.2
AT4G18430.1	0.7	0.5	0	0	0.7	0.8
AT1G05010.1	0	1	0	0	1	0
AT1G06650.2	2	2	1	0	1	2
AT2G25450.1	0	0	1	0	0	1
AT3G55360.1	3	4	7	6	0	2
AT1G75660.1	2	1	0	0	2	2
AT4G38800.1	0	0	0	0	0	2
AT5G64840.1	1	0	0	3	2	6
AT5G06530.1	2	2	0	0	0	0
AT1G80410.1	14	12	5	2	14	16
AT5G15070.2	0	2	0	1	3	0
AT3G01310.2	9	7	7	5	0	2
AT4G30160.1	3.9	1.5	0	0	1.5	2
AT5G59880.2	1	2	0	0	0	1
AT3G18130.1	10.2	9	3.9	9.3	7.9	10.5
AT1G60070.1	1.7	0	2	1	0	0
AT1G74910.1	6	6	5	0	4	7
AT5G67560.1	0	2	0	0	0	0
AT5G62670.1	5.5	7.4	0	7	13.6	10
AT5G35750.1	2	0	1	4	0	0
AT2G38750.1	4	3	0	2	3	5
AT2G34040.1	0	0	0	1	4	2
AT4G16130.1	1	3	1	0	2	4
AT2G26780.1	1	2	2	4	2	1
AT3G01780.1	0	0	0	0	2	0
AT5G27970.1	2	2	1	0	0	1
AT2G22125.1	3	2	1	3	2	1
AT5G07030.1	1	0	0	1	0	1
AT3G61820.1	2	0	0	0	0	1
AT4G26870.1	2	4	0	0	2	0
AT1G51690.1	0	1	0	0	0	2
AT4G34490.1	6	5	0	0	4	6
AT1G09770.1	1	2	0	0	3	2
AT1G69530.1	0	2	0	1	0	0
AT5G60790.1	0	0	0	0	0	2
AT3G54540.1	0	2	0	0	2	2
AT3G62700.1	7	5	4	5	2	7
AT4G16370.1	0	2	1	1	0	1
AT3G19740.1	0	0	0	0	1	1
AT4G24520.1	1	1	0	0	0	0
AT4G30210.1	0	1	0	0	1	0
AT1G11650.2	2	2	0	0	0	2
AT2G17980.1	0	1	0	2	1	0
AT5G20280.1	11.5	10	5	7	7	6
AT4G10120.1	3.5	0	0	0	0	2
AT1G21700.1	2	1	0	0	0	2
AT5G06460.1	1.1	1	0	0	2	4
AT2G27860.1	3.5	3.5	0	2	3.5	3.5
AT4G11380.1	3	4.5	2.7	1	9	13
AT3G54440.1	3	2	0	2	4	1
AT5G64080.1	0	0	0	0	2	2
AT1G67730.1	4	2	4	0	1	6
AT5G07300.1	1	1	1	1	2	0
AT1G48090.1	18	2	2	2	3	5
AT2G02560.1	3	7	4	5	8	3
AT4G01610.1	0	0	0	0	0	2
AT1G05940.1	0	1	0	0	1	2
AT3G44340.1	4	2	3	1	0	0
AT5G05270.1	0	0	0	0	2	1
AT3G06400.1	0	2	1	1	1	2
AT2G02400.1	0	0	0	0	2	0
AT5G58490.1	0	0	0	0	2	0
AT1G35580.1	1	0	0	0	1	0
AT5G51660.1	0	0	0	0	0	2
AT1G79990.1	2.7	0	5	1.7	0	6.5
AT1G52360.1	4.7	1.5	0	1.7	7.5	8
AT3G15980.1	7.7	9.5	2	5.7	4.5	3.5
AT2G39940.1	0	0	2	1	1	0
AT5G51430.1	2	4	2	1	2	3
AT5G20650.1	6	0	1	3	4	9
AT2G15970.1	0	1	0	0	0	2
AT5G52310.1	7	3	0	0	1	2
AT3G22120.1	0	0	0	0	7	9
AT3G48750.1	2	3	0	0	2	2
AT2G07050.1	4	2	1	0	0	0
AT5G58710.1	0	0	0	1	0	3
AT1G13110.1	3	0	1	2	1	2
AT3G01120.1	0	0	2	1	1	4
AT5G38830.1	3	0	3	1	0	3
AT1G16410.1	1	2	0	0	0	0
AT4G05420.1	5	9	12	10	10	7
AT3G58510.1	3	0	3	0	0	0
AT3G61240.1	0	1	0	0	0	1
AT4G18030.1	0	0	0	0	0	3
AT1G04430.1	0	4	0	0	0	0
AT1G29470.1	8	8	2	1	5	4
AT3G11750.1	0	0	0	2	0	1
AT3G17770.1	2	2	0	0	1	0
AT4G04040.1	3	3.5	2	0	2	3
AT3G02720.1	2	1	1	1	2	3
AT1G12350.1	0	0	2	0	1	2
AT1G01960.1	4	4	1	2	1	2
AT1G18070.1	2	2	2	0	1	2
AT5G36230.1	0	0	1	0	0	1
AT5G01010.1	0	0	1	1	0	2
AT1G14670.1	0	2	0	4	0	2.5
AT2G01970.1	8	3	3	0	0	4.5
AT4G12650.1	5	0	4	1	2	4
AT5G35160.1	0	0	0	0	2	0
AT2G26740.1	3	2	1	5	4	4
AT1G31730.1	9	9	4	3	3	4
AT3G60240.2	2	2	0	1	0	2
AT2G40290.1	1	0	0	0	1	1
AT2G05830.1	0	0	0	0	1	2
AT1G10840.2	0	1	2	1	0	1
AT2G46280.1	2	1	0	0	0	2
AT1G04080.1	0	3	0	1	5	8
AT4G36400.1	0	0	0	0	1	2
AT5G06390.1	2	4	0	0	0	0
AT3G11700.1	2	0	4	2	0	3
AT5G03690.2	2.4	1.2	0	0	0	1.2
AT4G17330.1	0	0	0	2	0	0
AT1G23900.1	3.3	4	1	0	4	4
AT1G78680.1	1	2	1	0	1	0
AT3G27530.1	0	3	0	1	1	2
AT3G51160.1	0	0	0	0	0	2
AT3G05180.1	0	0	0	0	1	2
AT1G31910.1	0	0	2	0	2	1
AT5G13000.1	5	3	3	0	0	3
AT4G03550.1	17	6	4	8	7	9
AT2G36850.1	12.6	4.8	4.9	5.7	4.3	4.5
AT3G53180.1	2	4	0	0	0	1
AT5G26710.1	2	2	2	2	1	1
AT3G17820.1	2	2.4	1	1	1	2
AT3G43800.1	0	1	0	1	2	2
AT3G18080.1	5	3	2	2	0	1.5
AT5G36890.1	0	0	3	1	2	1.5
AT5G20950.1	3	0	0	0	0	3
AT5G49360.1	1	0	0	2	1	3
AT1G75680.1	2	2	0	1	0	0
AT1G06410.1	0	0	0	0	0	2
AT1G67930.1	2	2	0	0	0	2
AT5G46070.1	4	4	0	1	3	0
AT4G26630.1	4	0	0	0	2	0
AT3G43300.2	29	16	15	8	14	29
AT2G40730.1	2	0	0	0	0	2
AT1G79920.1	22.5	33	25.7	24	30	38
AT2G06990.1	0	0	0	2	1	0
AT3G02760.1	5	6	3	1	6	6
AT3G11945.1	11	6	6	6	4	9
AT3G50950.1	1	2	0	0	0	0
AT1G20050.1	0	0	0	0	1	2
AT1G15130.1	2	2	0	0	0	0
AT2G46520.1	5	3	2	5	4	5
AT4G27640.1	2	5	5	6	2	7
AT5G10170.1	0	0	2	1	1	0
AT4G10320.1	22	22	19	13	25	20
AT3G16410.1	0	0	0	0	0	2
AT2G26890.1	0	0	0	1	0	1
AT3G16470.1	3	5	2	2	4	4
AT4G03080.1	3	4	0	0	0	3
AT1G18270.1	6	1	5	2	3	6
AT2G25970.1	5	7	3	4	4	4
AT5G47010.1	0	0	2	0	0	0
AT5G49760.1	2	0	1	0	0	0
AT1G51805.1	7	7	2	0	1	2
AT3G02870.1	6	3	7	6	2	6
AT1G45201.1	2	3	6	5	4	5
AT1G28600.1	0	0	0	0	2	2
AT1G55020.1	0	1	2	1	3	2
AT4G24800.1	3	0	0	2	1	3
AT5G42770.1	0	1	0	0	1	2
AT4G37300.1	0	0	0	1	1	1
AT1G58270.1	0	0	0	0	0	3
AT1G06900.1	0	0	0	0	1	1
AT3G50440.1	2	2	0	0	2	2
AT1G67120.1	1	0	0	1	1	0
AT2G24050.1	1	3	2	0	1	0
AT3G63540.1	7	3	4	5	4	3
AT4G27680.1	0	1	2	2	0	2
AT1G30400.1	6	0	0	4	3	4
AT2G37540.1	0	2	0	0	1	0
AT2G29370.1	0	0	0	2.4	0	0
AT5G51970.1	3	5	4	2	2	4
AT1G79010.1	0	0	3	0	3	0
AT3G05900.1	12	8	2	0	1	4
AT1G37130.1	10	3	5	0	1	1
AT2G20610.1	0	2	0	1	0	4
AT4G36940.1	0	0	0	0	1	1
AT2G23420.1	0	0	3	1	3	5
AT2G03440.1	0	1	0	0	1	2
AT2G03820.1	2	2	0	0	0	0
AT3G61050.1	2	1	0	0	0	1
AT5G47210.1	4	3	2	1	1	4
AT5G60980.1	0	2	0	0	0	0
AT2G34160.1	0	1	0	1	0	0
AT4G12720.1	1	3	2	0	1	0
AT1G61790.1	1	4	0	0	0	1
AT1G25350.1	0	2	0	0	3	0
AT4G09670.1	0	2	1	2	1	3
AT4G21580.1	2	1	2	1	2	2
AT5G37830.1	18	11	14	5	16	12
AT2G37040.1	2	2	0	0	0	0
AT2G17340.1	1	0	3	0	1	5
AT4G38350.1	3	3	2	5	5	6
AT4G19410.1	3	0	1	1	2	0
AT1G53830.1	3	0	4	0	0	1
AT2G44490.1	2	0	2	0	1	1
AT3G13160.1	1	0	0	0	1	1
AT1G64430.1	0	1	0	0	0	1
AT1G52190.1	2	0	1	0	0	1
AT3G25230.1	2	2	0	0	0	2
AT3G56070.1	0	1	0	0	0	1
AT3G28200.1	0	2	0	0	3	2
AT2G31390.1	2	1	0	0	0	0
AT2G17930.1	0	0	0	0	2	3
AT5G64460.1	0	1	0	0	0	2
AT4G36080.1	0	4	0	0	0	0
AT4G23400.1	11.7	5.1	0	1	2.1	10.2
AT2G39010.1	16	14	5	6	12	10
AT2G16850.1	0	0	0	2	0	0
AT4G17140.3	40	18	9	8	9	19
AT2G28290.1	5	0	1	0	0	2
AT1G75040.1	1	2	1	0	0	0
AT3G56110.1	2	1	0	0	1	2
AT2G25950.1	2	0	0	0	1	3
AT3G19340.1	0	0	2	0	0	1
AT2G20630.2	12	9	5	3	8	6
AT1G13320.1	0	0	4	8.2	4.9	8.7
AT3G59020.1	0	3.3	4.5	2	5	6.7
AT2G16950.1	5	4	7	7	8	12
AT4G32760.1	3	4	2	2	2	3
AT5G10480.1	0	0	0	0	0	2
AT1G56700.1	0	0	0	0	2	0
AT1G12000.1	3	3.5	2	2	2	3
AT5G14800.1	0	2	0	1	2	6
AT5G54960.1	0	2	0	0	0	0
AT3G59920.1	1	0	0	0	0	1
AT4G17170.1	4	2	0	0	0	5
AT3G15060.1	2.4	1.6	0	4	0	0
AT5G40170.1	3	1	0	0	0	1
AT1G58060.1	0	0	0	0	2	0
AT2G47250.1	0	0	0	2	0	2
AT5G16840.1	0	0	0	2	0	0
AT4G03430.1	0	0	1	0	0	2
AT1G67950.1	1	2	0	0	0	0
AT2G30520.1	1	1	0	0	0	0
AT5G63840.1	0	2	4	1	5	2
AT4G33110.1	0	1	1	0	0	0
AT5G64030.1	0	1	3	0	0	0
AT5G49810.1	14	21	13	11	11	14
AT4G39680.1	0	1	0	0	0	1
AT5G27120.1	0	0	0	0	2	0
AT3G05060.1	0	1	0	0	3	5
AT5G12370.1	0	1	1	0	2	1
AT1G72160.1	6	2	1	0	3	7
AT4G32640.1	4	2	0	0	0	0
AT3G10380.1	2	3	2	3	3	0
AT4G14030.1	3	1	2	3	4	4
AT3G25800.1	2.3	7.3	4	0	2.4	2.9
AT1G17720.1	1	0	2	0	0	0
AT1G50370.1	0	0	0	0	2	0
AT5G36210.1	5	7	3	3	7	7
AT2G07360.1	4	0	1	2	2	2
AT4G39540.1	0	0	0	1	0	1
AT2G29340.1	3	1	0	0	5	5
AT5G61970.1	1	3	0	2	3	4
AT1G30470.1	5	3	0	4	3	5
AT3G45190.1	2	4	0	0	3	2
AT4G22010.1	4	4	1	3	2	1
AT1G65700.1	0	0	0	0	2	1
AT1G20330.1	2	2	0	0	2	1
AT1G70310.1	5	9	0	0	3	2
AT4G38780.1	4	10.5	5.5	0	5	5
AT5G64270.1	5	1	0	3	8	5
AT1G14650.1	0	4	0	0	0	2
AT1G24510.1	5	8	4	5	4	7
AT4G28080.1	34.1	9.6	17.6	9.3	19.3	31.3
AT1G01320.1	32.9	36.4	22.4	35.7	37.8	46.7
AT4G22670.1	4	3	1	1	3	1
AT4G10840.1	3	3	2	2	2	3
AT1G66100.1	2	2	0	0	0	0
AT4G04950.1	0	0	0	0	0	2
AT5G18410.1	2	2	1	0	0	0
AT5G18230.1	2	3	0	2	2	2
AT1G02080.2	4	2	1	4	8	8
AT3G18060.1	1	0	1	0	0	0
AT3G18860.1	2	0	0	0	0	3
AT3G50590.1	2	3	2	0	2	2
AT2G37020.1	2	3	0	0	2	1
AT1G05520.1	0	0	1	1	0	0
AT1G72550.1	1	2	3	0	0	3
AT2G40660.1	0	0	0	0	0	2
AT2G29290.2	0	0	0	0	1.2	2.3
AT2G29360.1	0	1	1	1.2	2.4	1.2
AT2G29550.1	3.5	3.2	0	0	5	0
AT5G56260.1	0	0	0	0	0	2
AT3G13235.1	0	0	0	0	2	0
AT3G02260.1	53	28	9	8	21	20
AT3G11910.1	7	0	2	2	1	0
AT5G06600.1	0	3	0	2	0	0
AT4G10790.1	0	0	0	0	1	2
AT1G06000.1	0	0	0	2	0	1
AT2G31790.1	1	0	0	0	1	2
AT3G16520.1	1	0	0	0	0	3
AT5G39320.1	0	0	1.3	0	1.3	5
AT1G71220.1	7	0	1	0	3	4
AT1G78570.1	10	8	6	5	10	8
AT3G11930.1	2	3	2	2	2	6
AT1G70770.1	5	9	5	0	1	8
AT3G01680.1	2	2	5	2	5	8
AT4G15545.1	0	0	0	0	0	2
AT5G08450.1	2	1	0	0	0	0
AT5G41950.1	3	1	2	1	0	1
AT5G47690.1	7	6	3	8	2	9
AT1G47550.1	1	1	0	0	0	0
AT1G65010.1	5	0	0	0	2	0
AT3G11620.1	1	1	0	0	0	0
AT3G50685.1	0	2	2	1	1	2
AT4G24330.1	1	1	0	0	0	1
AT5G16300.1	2	2	0	2	1	0
AT5G43830.1	2	2	0	1	2	3
AT5G66420.1	2	2	0	1	1	0
AT5G23920.1	2	2	0	0	2	2
AT5G40450.1	40	17	18	1	2	5
AT4G02725.1	2	1	1	0	1	2
AT2G38770.1	3	3	0	0	2	3
AT1G27930.1	0	1	0	0	0	1
AT4G10060.1	5	9	4	2	2	4
AT2G32240.1	25	5	3	4	6	4
AT1G71820.1	1	3	3	0	0	2
AT5G41970.1	0	3	0	0	2	0
AT1G55860.1	11	7.6	0	0	5.4	0
AT1G70320.1	22	30.4	15	14	13.6	17
AT2G34470.1	0	2	0	0	0	2
AT3G54470.1	2	2	0	0	3	4
AT3G13290.1	1.5	2	2.5	0	1.3	3.2
AT3G13300.1	14.5	8	12.5	9	12.8	16.8
AT2G38410.1	0	0	0	0	1	2
AT5G16880.1	1	1	0	0	0	0
AT2G45540.2	2	3	2	3	1	1
AT5G64570.1	1	2	0	2	4	2
AT2G38860.1	2	2	0	0	0	2
AT1G48570.1	0	0	0	1	1	1
sum20	3	0	0	3	2	4
sum22	7	5	0	5	3	7
sum24	15	10	16.8	16.2	13.4	20.4
sum38	6	5	4	11	13	12
sum71	20.2	18.1	17.9	21	21.3	17.1
sum78	0	0	0	3	3	5
sum80	7	9	4.8	4	2.7	7
AT1G50480.1	4	3	3	8	5	5
AT4G09000.1	13.6	14.2	9.2	13.4	23.7	17.4
AT1G22300.1	8	6	11.2	5	4	6.3
AT2G42590.1	10	12	11.2	13	10	15.5
AT1G62380.1	2	5	2	2	6	6
AT3G08590.1	6.4	7.3	5.6	13.2	12	13.5
AT3G14990.1	9	6	9	6	4	6
AT4G29120.1	2	1	2	3	0	2
AT5G41670.1	0	0	1	0	0	3.7
AT1G13930.1	3	7	6	4	5	7
AT2G23600.1	5	5	4	5	7	10
AT5G09810.1	14.9	12.9	14.7	5.6	9.7	11.9
AT4G34450.1	37	32	27	16	27	38
AT3G09820.1	22.3	12.6	14	14.6	13	23.4
AT5G03300.1	10.7	9.4	14	8.4	13	10.6
AT5G63400.1	1	0	2	0	0	2
AT5G43940.1	5	5	4	7	3	9
AT3G24503.1	0	0	1	3	2	6
AT3G56190.1	3	0	0	0	0	1
AT4G38220.1	3	4	0	1	4	3
AT5G65010.1	7	8	6	5	3	7
AT5G60160.1	0	0	0	0	0	2
AT3G54400.1	4	4	0	2	0	6
AT4G31180.1	4	4	3	3	2	7
AT1G18080.1	24.8	22	21.1	23.7	25.1	36.5
AT1G66200.1	6	9.6	4	7	4	7.2
AT5G03630.1	4	5	2	0	4	0
AT4G00860.1	2	7	2	3	2	3
AT5G56680.1	7	4	4	4	10	5
AT2G07698.1	29.2	31.3	16.5	20.6	31.1	41.4
AT5G40770.1	5	3	8.6	8	9	12
AT2G41530.1	4	4	3	6	4	9
AT5G19140.1	4	3	2	5	5	9
AT3G28940.1	2	1	1	0	0	1
AT1G08200.1	3.5	3.5	0	0	3.5	3.5
AT1G24020.1	2	2	2	2	5	4
AT1G74920.1	6	8	5	2	1	6
AT3G12290.1	7	7	3	5	4	4
AT4G34050.1	0	1	1	0	4	4
AT5G07340.1	0	0	0	0	0	2
AT3G62360.1	10	10	5	1	4	4
AT5G11560.1	4	4	9	4	3	11
AT3G19450.1	0	0	2	1	1	4
AT5G41790.1	8	2	1	0	0	3
AT3G08530.1	81.8	47.2	47.1	41.9	67.7	64.4
AT3G11130.1	89.2	78.8	61.9	56.1	46.3	86.6
AT2G21390.1	52.5	46.8	45.3	40.3	39.4	39.3
AT1G78850.1	10	6	4	0	2	2
AT1G78830.1	0	0	2	2	0	0
AT3G12490.1	1	1	0	0	0	2
AT5G12140.1	2	3	2	1	3	0
AT3G48890.1	2	0	0	0	2	0
AT2G39800.1	8.6	10.3	6	4	9	12.7
AT1G43670.1	6	3	3	3	3	7
AT2G32520.1	0	1	0	3	2	3
AT3G61260.1	0	3	0	0	2	0
AT4G28440.1	0	0	0	0	0	2
AT5G66680.1	0	0	0	3	5	2
AT4G11420.1	30	21	22	21	33	29
AT5G19510.1	7	6	4	6	5.6	8.4
AT1G30230.1	8	8	4	8	5	13.6
AT1G57720.1	9	7	4.5	8.3	18.9	15.1
AT1G56070.1	148	134	136	187	183	211
AT4G02930.1	2	0	3	4	1	6
AT1G30360.1	24.5	22.1	19	14	7.5	28.5
AT2G24200.1	8	7.2	10	12.9	12.4	10.2
AT2G45790.1	5	1	4	4	5	3
AT3G56150.1	17	14	12	6	17	16
AT3G11400.1	0	1	1	1	2	1
AT1G26630.1	4	5	2	6	6	7
AT1G07110.1	4	5	1	1	3	4
AT5G28840.1	7	2	4	5	2	8
AT1G29660.1	20	16	11	10	11	15
AT1G29670.1	11	10	10	11	17	19
AT5G42740.1	5	5	5	5	4	5
AT1G65960.2	7	5	9	5	3	15
AT4G30530.1	6	4	0	0	6	6
AT5G40370.1	4	4	0	1	1	5
AT4G11600.1	4	2	0	2	2	4
AT2G29450.1	0	0	0	2	4	5
AT1G10370.1	4	1	1	0	3	3
AT2G30860.1	15	15	10	17	17	15
AT1G27130.1	2	3	3	1	2	3
AT1G78370.1	6	6	4	10	10	16
AT1G11860.1	28	33	18	25	28	34
AT5G26780.1	3.5	4	0	6	0	2
AT4G13930.1	9	5	9	13	9	15
AT4G02450.1	2	2	3	2	2	2
AT5G13980.1	3	1	0	0	4	5
AT1G30580.1	0	0	0	3	1	2
AT1G79930.1	4.5	0	7.3	0	0	2
AT5G52640.1	0	0	0	21.1	15.4	32.5
AT4G16660.1	15	17	11	11	16	21
AT3G62750.1	0	0	0	0	1	1.5
AT4G16143.1	2	1	0	2	2	3
AT5G53480.1	20	22	14	16	23	29
AT1G72730.1	1.7	0	0	0	2	3.7
AT3G13920.1	25	32	21.4	4	35	23.2
AT1G54270.1	8.5	0	8.6	21	0	18.2
AT5G62350.1	0	3	0	0	0	0
AT1G75280.1	1	2	1	2	2	2
AT1G52000.1	0	0	0	0	0	4
AT5G04430.1	3	2	0	1	2	3
AT5G03350.1	5	5	1	0	0	1
AT1G49750.1	12	11	12	12	8	11
AT3G20820.1	4	6	4	4	0	5
AT4G33670.1	0	0	1	0	3	2
AT4G23850.1	9	10	8	5	7	9
AT3G11710.1	10	8	4	3	8	7
AT1G70890.1	2	2	4	4	4	0
AT3G26450.1	0	0	1	0	0	2
AT4G39330.1	8	10	6	10	14	11
AT4G37980.1	8	4	2	5	2	6
AT2G21250.1	5	5	4	7	8	3
AT3G44100.1	1	1	0	0	1	4
AT5G23820.1	1	2	1	0	2	2
AT3G59970.3	27.1	26.7	29.3	30.5	25.2	27.8
AT2G44160.1	11.9	5.3	9.8	9.5	13.8	11.2
AT5G46800.1	9	5	6	4	12	11
AT3G14210.1	41	36	33	54	46	64
AT5G25980.2	43.9	42.8	39.1	57	67.7	81.4
AT1G63000.1	3	4	1	2	3	2
AT5G20080.1	1	2	0	0	0	0
AT5G17770.1	0	1	0	0	2	3
AT3G27890.1	1	2	1	2	2	0
AT3G12390.1	6	7	2	8	12	9.7
AT1G17880.1	1	0	2	1	0	0
AT3G49470.1	0	0	0	2	2	4
AT5G13850.1	0	0	0	0	0	3.3
AT4G04910.1	4	4	1	0	0	0
AT1G29250.1	0	2	0	0	0	1
AT3G48990.1	12	12	9	10	14	17
AT1G01170.1	2	3	1	2	4	4
AT2G23350.1	13	7	11	8	6	11
AT1G72150.1	62	68.2	53	37	48.5	46.4
AT4G23670.1	12	6	6	10	7	8
AT5G19820.1	38	29	21	31	39	39
AT3G14310.1	3	0	8	8	10	17
AT2G16600.1	10	7	7	8	8	7
AT5G37850.2	1	0	0	0	0	2
AT2G42600.1	83.1	92.2	63.9	82.6	103.7	122.3
AT1G48600.1	3	3	2	3	1	5
AT1G70730.3	16.4	22.9	20.5	19.2	23.4	26.5
AT1G79550.1	22.7	11.6	10.9	30.5	18.7	33.3
AT3G15730.1	21	21	17	22	25	33
AT4G27520.1	39	35	34	28	41	35
AT4G34110.1	11	5	0	6	7	2
AT1G49760.1	11	9	12	10	9	8
AT4G38510.1	4.7	2.3	0	3	8.3	9.3
AT2G45180.1	3	15	3	3	3	11
AT3G02200.2	5	4	2	0	0	1
AT1G09310.1	1	0	2	0	0	3
AT1G20950.1	12	12	8	6	9	6
AT5G47200.1	5.2	4.7	0	3.8	0	9
AT3G10260.1	0	1	1	1	0	0
AT3G13870.1	3	4	2	0	1	2
AT4G30310.2	1	4	1	3	3	4
AT4G21150.1	10	10	7	6	9	7
AT3G23810.1	2.4	2.5	0	10.9	10.3	13
AT4G13940.1	40.6	27.5	36	36.1	51.7	81
AT2G36880.1	3	3.2	0	1	1.3	0
AT3G17390.1	18	13.8	10	21	12.7	13
AT2G27100.1	0	0	1	0	2	3
AT1G22530.1	19	21.8	21	6	7.5	8.6
AT4G14040.1	0	0	0	3	2	4
AT1G25490.1	11.8	9.7	11.1	6.8	6.7	11.4
AT5G27470.1	1	1	1	1	1	3
AT1G01800.1	2	2	5	3	2	6
AT2G21160.1	0	1	3	2	2	4
AT2G22990.2	0	1	1	0	2	1
AT1G17100.1	1	0	0	4	3	9
AT3G17210.1	1	2	0	0	0	1
AT3G14067.1	4	8	5	5	5	2
AT5G08300.1	4	1	3	0	0	0
AT1G80070.1	19	10.5	5.5	20	16	25
AT3G11830.1	15	16	15	9	13	13
AT3G03960.1	15	16	8	10	14	15
AT3G18190.1	8	13	7	5	10	16
AT5G20890.1	9	5	0	0	7	14
AT5G26360.1	7	11	6	6	9	10
AT3G16640.1	9	10	10	8	8	11
AT3G52140.1	12	6	6	13	15	19
AT5G26000.1	157.1	128.2	127.9	173	148.3	211.6
AT2G43910.1	2	0	0	7	5	6
AT2G30490.1	2	4	2	2	2	3
AT5G14030.1	2	2	2	4	3	2
AT1G34130.1	0	0	0	0	1	1
AT3G55440.1	29.5	32	22.5	55.7	50.8	60
AT3G62120.1	6	3	4	8	8	11
AT5G06060.1	7	6	5	9.5	9.5	11.5
AT5G44340.1	5.7	7.4	8.4	5.5	0	7.3
AT1G20010.1	17.1	14.8	7.8	12.5	15.9	14.8
AT5G61780.1	19.3	16.9	21.4	10.7	16.5	12.8
AT5G07350.1	16.7	24.1	22.6	13.3	16.5	21.3
AT2G30110.1	41.9	42	24	33	43	32
AT1G43690.1	0	0	0	0	0	2
AT5G17310.2	6	7.3	8.6	4	5	11
AT3G03250.1	4	12.7	10.4	10	10	22
AT3G53990.1	0	2	0	2	0	1
AT2G30930.1	2	0	1	0	0	0
AT3G49720.1	8	5	9	5	6	12
AT5G01750.2	2	1	3	2	0	1
AT5G02240.1	2	1	0	1	4	7
AT1G64790.1	27	22	15	20	23	45
AT5G19860.1	1	2	2	1	0	3
AT3G08030.1	7	0	1	2	3	4
AT5G48480.1	2	0	2	2	2	0
AT3G63460.1	28	19	16	14	21	25
AT5G17020.1	5	6	7	5	1	10
AT4G37800.1	0	0	0	0	1	3
AT5G57655.2	2	2	1	2	2	2
AT1G33590.1	2	1	1	6	5	12
AT1G68560.1	3	7	3	3	2	5
AT1G03220.1	4	2	2	2	2	6.7
AT1G76160.1	4	4.7	6	6	6	5.5
AT1G71695.1	5	4	0	5	4	4
AT3G49120.1	0	1	0	1	1	4
sum56	12.2	14.4	10.2	12	14.4	16
AT2G41740.1	13.6	13.8	14.6	1.4	5.6	2
AT3G57410.1	12.5	7.7	9.4	5.6	2.9	0
AT5G55230.1	5	4	1	0	0	0
AT4G14960.2	0	0	9.9	2.3	7.2	15.7
AT2G06850.1	4	3	2	3	3	2
sum101	34	35	24	25	31	46
sum12	8.1	9.9	9.9	8.1	12	8.1
sum15	0	16	19	14	18.4	23
sum17	5.1	3.9	3.9	8.8	5.1	12.9
sum19	6	3.9	0	5.4	5.4	6
sum23	2	1	6	2	5	6
sum25	6	3	6	4	7	6
sum26	4	5	6	4	3	6
sum27	5	0	2	4	3.4	2.6
sum30	4	4	0	2	5	4
sum31	6	6	5	8	7	4
sum32	5	4	5	2	4	5
sum34	0	0	0	2	4	3
sum36	0	0	0	0	3	4
sum39	0	1	0	0	0	4
sum4	11	14	9	9	11.1	18
sum48	3	0	3	4	4	5
sum49	5	4	5	0	0	4
sum50	0	4	0	0	0	0
sum6	6.3	5	3.9	14.9	11.6	20.1
sum60	2	5	0	3	3	6
sum64	16	19	13	22	16.9	34.9
sum65	10.2	11.8	13.8	5.6	9.8	11.6
sum68	4	3	2	0	3	2
sum72	13	22	13	22	20	18
sum77	17	15	9	16	24	32
sum8	3.2	5.2	7.2	5.2	4	7.2
sum84	56	62	40	72	66	110
AT5G35590.1	0	1.5	2.5	5.4	6.4	11.4
AT2G05840.1	5	1.5	2.5	3.6	8.6	5.6
AT3G22110.1	4	5	2	6	5	6
AT3G51260.1	3	0	2	2	0	2
AT1G53850.1	0	0	0	0	0	2
AT5G42790.1	3	0	0	5	5.3	6
AT2G27020.1	0	0	0	2	1	3
AT4G31300.1	4	2	0	5	4	4
AT3G27430.2	1	0	0	0	0	5
AT1G21720.1	2	0	0	0	0	1
AT1G13060.1	0	3	0	0	0	0
AT3G60820.1	5	2	5	6	7	3
AT1G56450.1	6	5	2	4	8	9
AT5G43010.1	0	0	0	0	2	0
AT3G05530.1	0	0	0	0	0	2.7
AT1G45000.2	0	0	2	0	0	0
AT5G57950.1	4	1	0	2	3	4
AT5G23540.1	4	4	3	2	4	11
AT1G64520.1	0	0	0	0	1	5
AT2G20580.1	24	20	17	20	26	38
AT4G28470.1	0	0	2	0	1	0
AT2G32730.1	27.5	20.8	12	15	35	30.2
AT1G04810.1	4.5	5.2	0	0	0	3.8
AT5G09900.1	2	3	0	0	2	0
AT1G29150.1	1	1	0	0	0	1
AT4G24820.1	2	3	2	3	4	5
AT5G45620.1	0	1	2	0	0	4
AT1G20200.1	0	0	0	1	1	1
AT3G11940.1	8	8	3.2	9.8	5	8
AT5G41520.1	0	0	2	0	2	2
AT1G15930.1	2	2	1	5.3	4	3
AT2G32060.1	0	1	0	2.7	1	1
AT2G36160.1	6.5	0	2.8	1	0	4.8
AT3G11510.1	6.5	9	5.5	5	6	5.8
AT3G52580.1	0	0	2.8	0	0	2.4
AT2G09990.1	2	0	0	0	3.3	0
AT5G18380.1	2	4	4	5	6.7	5
AT3G47370.1	0	0	2	2	0	0
AT3G04920.1	3	5	4.8	4	2.8	4.2
AT5G28060.1	3	5	3.2	2	4.2	2.8
AT4G39200.1	0	0	0	0	0	2
AT2G31610.1	1.3	0	11.3	7	2	19
AT3G53870.1	12.1	22	0	7	20	5
AT5G35530.1	8.5	0	3.8	0	0	0
AT3G04840.1	7.3	7.1	8.2	8	8.8	10.1
AT4G34670.1	3.7	5.9	6.8	0	6.3	8.9
AT2G37270.1	8	6	4.8	3.3	6	8
AT4G31700.1	8.7	10.4	9	8	6.5	6
AT5G10360.1	4.3	2.6	0	0	6.5	6
AT1G48830.1	5	7	4	4	2	7
AT3G02560.1	0	2	1	3	1	4
AT5G20290.1	19	19	16	17	15	27
AT5G15200.1	11	11	10	6	11	18
AT1G72370.1	19	15	14	17	20	22
AT3G48930.1	0	3	0	0	0	0
AT5G17920.1	226.5	245.8	194.8	231.3	219.3	323.2
AT1G01100.1	1	1	4	3	2.3	4
AT4G00810.1	0	0	0	1	0	1
AT5G47700.1	0	0	0	0	4.7	2
AT2G27720.1	4	2.7	2	0	0	5
AT2G27530.1	10	11	2	4	3.5	10
AT5G22440.1	0	0	2	0	3.5	0
AT5G45775.1	2	0	7	1.8	1.8	2
AT3G53430.1	7	6	7	6	7	8
AT3G49010.1	13.6	12.4	11.6	13	12.3	13.6
AT5G23900.1	3.4	1.6	1.4	0	3.7	4.4
AT3G07110.1	0	0	0	2	2	0
AT3G24830.1	4	3	4	6	2	4
AT4G13170.1	3	2	2	0	2	0
AT2G20450.1	5	6	7	7	4.7	7
AT4G27090.1	0	0	0	0	2.3	0
AT5G27850.1	2	5	5	3	5	1.5
AT2G34480.1	6	6	6	4	7	5
AT1G02780.1	3	2	0	3	5	5
AT4G02230.1	2	0	0	0	0	2
AT5G27770.1	2.7	1.7	4.2	2.4	3.5	0
AT3G05560.1	5.3	3.3	2.8	3.6	3.5	4
AT3G49910.1	8	3	4	2	5	5
AT4G15000.1	7	7	5	1.5	3	5
AT2G19730.1	0	2	2	0	0	4
AT4G29410.1	0	2	0	0	3	0
AT1G43170.1	46	30	23	25	41	51
AT1G77940.1	0	4	1	0	1.7	1.3
AT4G18100.1	2	2	2	2	3	3.6
AT5G46430.1	0	0	3	0	0	2.4
AT1G26880.1	0	0	0	2	0	3
AT3G28900.1	0	0	0	2	0	1
AT3G09500.1	2	2	0	0	2	0
AT3G55170.1	0	0	0	2	0	0
AT5G02870.1	8	7.7	5	4	6	4
AT3G25520.1	8	7	8.5	7	5.5	14
AT5G39740.1	4	6	1.5	6	12.5	14
AT1G18540.1	9.8	7.2	8.2	4.3	7.1	7.4
AT2G01250.1	5.3	10.6	4.4	6	8.1	7.1
AT2G44120.2	6	8.4	6.6	3.5	6.7	8.8
AT3G13580.1	2.7	0	0	3.5	3.2	3.1
AT2G47610.1	11.4	9.5	7	3.5	7.1	11.1
AT3G62870.1	7.6	9.5	7	10.5	11.9	8.9
AT2G18020.1	13.4	10.2	8.8	7.6	16.5	15
AT4G36130.1	6.6	2.8	2.2	5.4	6.5	6
AT3G02360.1	0	0	0	0	0	3.7
AT3G63520.1	2	2	0	2	3	7
AT5G48230.2	2	4	2	5	6	8
AT1G36160.1	25	20	9	25.2	20.5	28.1
AT3G06650.1	12.8	16	14	6.9	10	13
AT4G35830.1	32.3	33.4	30.9	33.5	28.3	41.4
AT2G05710.1	19.4	12.9	12.8	16.2	25.1	38
AT1G31812.1	1	2	0	1	0	2
AT1G27450.1	1	10	8	11	10	10
AT1G48410.1	7	8	2	3	5	5
AT2G36460.1	12	10.2	9.1	10.1	4.7	8.5
AT1G35720.1	6	5	1	2	2	6
AT5G65020.1	0	2	0	0	2	2
AT5G19550.1	4.5	3.4	2	2	3.4	5.6
AT5G49460.1	4.3	4	8	5.1	5	10
AT1G09430.1	0	0	0	2	0	2
AT2G39460.1	0	2	3	0	0	0
AT1G19670.1	0	1	0	0	1	0
AT1G62390.1	2	2	2	3	3	3
AT1G74310.1	0	0	0	4.2	3.2	0
AT1G66240.1	3	3	2	1	3	2
AT4G14880.1	23	25	29	38	48	65
AT1G75270.1	0	0	0	0	1	1
AT3G55610.1	3.4	1.7	0	2	0	7.3
AT1G09640.1	7	7	4.5	2.7	3.1	2.9
AT1G04170.1	0	0	0	1	1	0
AT3G52930.1	21.4	24.8	13.6	18.5	22.4	25.4
AT4G26530.1	15.2	17.8	9.3	11.5	6.8	22
AT2G26990.1	0	0	2	0	0	1
AT1G78380.1	12	11	8	6	10	17
AT2G30870.1	14	9	9	8	11	13
AT5G02790.1	3	1	1	4	5	5
AT3G25530.1	16	15	15	18	20	20
AT3G46970.1	32	38	31	32	36	42
AT2G19860.1	1	2	3	2	1	3.6
AT1G12270.1	1	1	2	1	2	2
AT5G56030.1	68	65	68	96.9	110.8	120.6
AT3G16420.1	0	4	0	0	1	4
AT1G07890.1	17	12	12	19	25	22
AT1G09620.1	37	31	23	36	52	42
AT5G10540.1	0	0	0	0	0	7.3
AT3G03780.1	33.5	46.2	43.3	46.7	48.7	68.8
AT4G13780.1	2	2	0	0	3	2
AT1G65930.1	11	10	8	5	6	11
AT3G61220.1	1	4	3	3	6	5
AT1G79870.1	4	5	4	3	6	6
AT5G11670.1	27	23	25	24	26	26
AT2G24270.4	20	20	24	35	28	35
AT2G19480.1	2	1	2	3	2	0
AT2G38230.1	11.1	12.1	12.7	12.9	13	24.1
AT5G01410.1	6.9	10.9	6.3	8.1	13	10.9
AT4G38740.1	1	2	0	1	2	3
AT1G23190.1	22.6	23.2	16.5	18.8	23.6	26.5
AT1G09780.1	8.6	11.7	7.4	3.8	12	21.5
AT2G19760.1	5	4	3	4	3	5
AT5G08570.1	0	0	2	0	0	0
AT2G42910.1	1	1	0	1	0	3
AT1G69620.1	3	2	2	0	0	0
AT5G23740.1	3	0	6	8	4	9
AT3G02530.1	7	8	1	0	6	10
AT5G42980.1	8	7	8	7	6	10
AT2G40840.1	12	10	2	5	7	6
AT5G12250.1	5.5	3.2	0	0	2.8	9.7
AT5G49650.1	3	2	0	1	2	4
AT1G52400.1	0	0	2	0	1	1
AT4G23630.1	0	4	0	0	0	5
AT5G61790.1	7	7	7	8	9	8
AT1G56340.1	4	6	4	2	3	2
AT3G19820.1	26	20	14	11	13	26
AT4G24190.1	44.4	43.9	31.7	33.6	39.4	44.6
AT5G28540.1	13.4	10.3	11.1	22.1	16.9	14.3
AT5G42020.1	13.4	17.3	11.1	0	5.6	11.4
AT1G21750.1	10	11	8	9	10	14
AT4G29350.1	5	3	4	5	4	6
AT5G60640.1	3	7	2	2	5	7
AT1G56330.1	3	4	8	6	7.5	4
AT1G72610.1	0	0	0	0	0	3
AT5G20630.1	5	5	9	7	9	9
AT1G41830.1	4	2.3	0	0	0	5.5
sum2	10.2	10.8	10.2	16.2	18	16.8
AT1G30630.1	0	0	0	0	1	2
AT3G02230.1	0	1	0	0	1	1
AT3G07100.1	12	11	4	2	4	8
sum53	8	5	3	2	6	13
sum105	99.2	107.3	78.7	125.8	146.4	184.3
sum10	117.6	110	87.2	117.6	146.4	180
sum14	9.9	12	3.9	8.1	13.2	18.9
sum3	6	0	4.8	0	3.6	8
AT5G65430.1	14.1	12.5	12.3	15.2	7.1	13.9
AT5G10450.3	8.6	11.8	4.3	3.2	11.6	13.9
AT1G78300.1	11.7	6.1	7.4	11.2	12.3	9.9
AT1G35160.1	0	0	1.8	0	0.9	7.4
AT2G13540.1	1	1	4	4	2	3
AT4G35450.1	1	0	0	0	0	2
AT1G08980.1	2	1	3	2	2	3
AT1G20960.1	23	8	5	10	16	14
AT3G55120.1	0	0	0	0	0	2
AT3G53110.1	2	1	0	0	0	0
AT3G23600.1	3	4	1	2	4	5
AT3G13460.4	4	3	0	0	0	0
AT3G57290.1	3	2	0	0	0	2
AT2G36530.1	17	22	16	21	21	39
AT2G39990.1	7	5	6	10	11	15
AT5G57870.1	8	10	6	5	11	7
AT5G52470.1	0	1	1	2	3	5
AT1G27090.1	0	0	0	0	1	1
AT2G21660.1	3	3	2.8	4.2	2.5	2.5
AT4G39260.1	3	3	4.2	2.8	2.5	2.5
AT1G52740.1	0	0	0	0	0	3.3
AT5G59870.1	0	3	3	0	6	1.7
AT5G02570.1	1	1	0	0	0.6	0
AT5G16970.1	0	0	0	0	0	2
AT3G44310.1	25	24	17	35	35	31
AT1G56110.1	5	4	3	7	7	8
AT1G27970.1	3	1	5	0	3	3
AT5G40480.1	15	5	0	6	13	11
AT1G14850.1	2	0	0	0	0	1
AT5G51200.1	0	1	1	0	0	0
AT1G79280.2	6	2	0	1	3	3
AT5G54160.1	2	1	2	1	2	2
AT3G63130.1	0	1	0	0	1	0
AT4G17530.1	5.2	4.7	6	3.8	8	0
AT2G31660.1	1	1.7	1.5	2	0	2.3
AT4G11260.1	0	1	3	0	2	0
AT5G15970.1	2	3	0	1	0	0
AT3G20050.1	14	10	9	11	9	10
AT4G20890.1	6.1	7.8	0	0	0	0
sum102	40	37	43	43	39	67
AT3G16910.1	3	6	0	0	2	1
AT4G16760.1	2	2	0	1	2	6
AT2G13360.1	33	30	29	47	31	54
AT3G48170.1	2	2	2	3	3	4
AT4G35090.1	43.8	39.7	21.4	47.1	41.2	64.8
AT1G20620.1	25.2	15.3	7.6	19.9	33.8	32.2
AT2G42790.1	0	0	0	0	0	2
AT1G76180.1	4	4	0	0	2	0
AT1G19570.1	3	2	0	11	6	4
AT4G29010.1	8	5	4	5	6	15
AT4G14430.1	0	0	0	3	0	0
AT3G14415.1	48.1	44.9	34.2	34.2	32.9	47.5
AT1G11840.1	9.6	8	0	9	11.1	14.1
AT1G68010.1	33	29	27	34	29	51
AT3G16460.1	0	2	0	0	0	0
AT5G47040.1	0	0	2	0	1	0
AT5G09660.2	52	46	38	45	45	60
AT3G06860.1	3	5	1	4	5	8
AT3G52880.1	32	22	20	48	51	57
AT4G09320.1	7	8	9	7	11	10
AT3G56460.1	1	0	1	1	5	8
AT2G41790.1	1	0	0	1	1	5
AT4G35000.1	6	4	6	7	10	8
AT2G45740.1	1	0	1	3	1	2
AT2G22780.1	2	3	0	1	3	1
AT3G12800.1	0	1	0	2	5	6
AT2G47470.1	5	2	1	2	3	5
AT3G02770.1	0	2	0	1	1	1
sum41	0	0	3	2	0	4
sum45	32	29	23	37	49	60
sum66	102	96.8	98.8	72.4	74.8	103.2
sum79	2.8	3.4	3.2	4.5	11.1	11
sum9	5.2	6	2	1	1	5.2
AT5G38480.1	14.9	18.3	12.7	18.9	28.2	27.6
AT3G10740.1	2	0	2	2	2	5
AT2G45960.1	38.9	37.2	53.3	24.5	29.5	42.8
AT3G53420.1	30	27	24	16	19	22
AT3G07160.1	17.4	7.2	6.1	10.3	9.7	13.5
AT3G28860.1	2	1	0	0	0	0
AT5G57350.1	19.6	15.8	3.1	10.8	13.7	21.5
AT3G24550.1	2	3	1	0	0	0
AT3G07390.1	7	10	13	5	8	11
AT4G23460.1	3	4.5	10.3	1	7	2
AT5G57110.1	5	0	0	0	0	1
AT5G05010.1	7	4	7	16	9	10
AT1G62020.1	1.5	5.2	3.7	1.8	4.6	5.7
AT4G36760.1	1	2	1	2	2	4
AT5G52240.1	0	0	0	0	2	0
AT2G45820.1	0	0	0	0	0	2
AT4G20260.1	5	4	2	0	4	4
AT2G45470.1	32	32	32	25	34	44
AT5G55730.1	4	3	4	3	1	4
AT4G12730.1	3	1	1	0	0	0
AT2G31960.1	10	3	0	0	0	3
AT5G55480.1	18	17	10	8	10	11
AT1G66970.1	41.8	46.3	33.8	23.1	18.8	25.3
AT4G02080.1	3	8	2	2	2.5	8
AT1G08420.1	0	0	0	0	0	3
AT5G10470.2	5	5	6	6	5	5
AT2G44060.1	0	0	0	1	0	1
AT3G14840.2	1	0	0	0	1	0
AT4G08850.1	1	2	2	0	0	0
AT5G16590.1	0	2	0	2	0	1
AT3G02880.1	3	2	4	0	0	2
AT2G01210.1	5	3	6	8	8	8
AT1G27950.1	4	4	2	4	3	3
AT2G38540.1	2	3	2	1	4	2
AT4G33090.1	24	19	17	19	33	31
AT4G26690.1	23.2	17.7	19.2	14.9	16.2	18.7
AT4G12420.1	11	8	7	8	9	9
AT1G59870.1	70	56	56	32	31	63
AT4G34870.1	5	4	4	6	4	4
AT3G45780.1	29.8	30.1	18.3	13.1	30.9	19.7
AT5G58140.1	9.2	14.9	11.7	11.9	9.1	8.3
AT4G35100.1	49	49	41	23	43	38
AT1G42550.1	16	10	4	3	5	7
AT5G15650.1	0	2	0	0	1	4
AT1G30690.1	6	2	3	4	3	5
AT1G22710.1	1	0	0	2	0	0
AT1G21880.1	0	0	1	0	0	1
AT4G15630.1	1	0	1	0	0	1
AT1G01620.2	1.4	2.3	3.6	5.1	10.4	3.2
AT1G70410.2	13	10	7	9	6	8
sum44	40.4	36.6	39	34	38.8	42.8
sum5	4.8	8	7	3	1.7	5.8
sum57	28.1	16.2	14.3	13.4	15.2	13
AT1G11910.1	5	4	7	4	5	5
AT5G49720.1	0	0	0	0	0	2
AT1G78900.1	72	83	62	65	68	88
AT4G03560.1	4	3	1	3	1	4
AT2G41560.1	9	11	11	9	5	8
AT5G60360.1	0	0	0	2	0	0
AT1G47128.1	0	5	1	0	2	6
AT3G57330.1	1	2	0	0	0	0
AT3G10410.1	0	0	1	0	1	1
AT1G53210.1	2	1	3	0	1	8
AT1G69840.1	2	2	0	0	0	0
AT4G32150.1	2	0	0	1	0	0
AT5G46860.1	1	1	1	1	2	2
AT5G22580.1	2	3	2	2	3	3
AT3G28710.1	0	0	0	3	0	0
AT1G12840.1	16	10	9	10	9	11
AT3G58730.1	2	2	2	0	0	3
AT1G15690.1	72	61	55	73	84	116
AT3G16240.1	71	73	69	66	63	71
AT2G36830.1	4	12	5	7	7	8
AT3G26520.1	20	14	22	21	22	23
AT2G20230.1	4	6	2	2	2	4
AT2G34585.1	0	1	0	0	2	0
AT4G02620.1	4	7	2	3	2	6
AT4G11150.1	13	7	7	3	7	12
AT4G39080.1	35	33	24	27	31	36
AT5G23040.1	2	4	4	2	3	3
AT4G37270.1	2	2	0	0	0	0
AT1G79560.1	3	7	2	2	6	14
AT4G00630.1	10	1.8	1.8	2	0	2
AT3G51870.1	0	0	0	2	1	2
AT5G01590.1	2	2	0	0	0	3
AT2G44640.1	0	0	0	1	1	4
AT5G02940.1	3	0	0	0	2	0
AT5G17670.1	1	1	0	0	0	1
AT5G24690.1	4	3	3	3	0	6
AT3G51140.1	2	1	2	3	2	1
AT3G11560.2	0	1	0	1	0	3
AT5G42480.1	1	1	0	0	0	2
AT4G33520.2	0	0	1	0	2	2
AT3G20320.1	4	3	0	0	0	1
AT5G08540.1	1	2	0	0	1	0
AT5G12860.1	5	1	1	2	1	1
AT5G64290.1	0	0	0	0	1	1
AT4G25450.1	8	9	4	5	4	9
AT5G64940.1	3	0	2	1	1	7
AT4G00370.1	0	2	1	1	2	3
AT1G15500.1	3	3	0	26	29.6	45.2
AT1G80300.1	0	0	1	3	2.4	6.8
AT2G26900.1	3	5	0	4	6	15
AT1G32080.1	21	30	11	20	28	33
AT5G23890.1	8	7	5	10	12	10
AT5G54800.1	1	0	0	0	0	1
AT3G49560.1	0	1	2	4	4	2
AT5G24650.1	0	0	0	2	0	1
AT5G62720.1	0	2	0	0	2	3
AT5G16150.1	7	2	3	4	5	14
AT1G01790.1	32	35.3	28.3	22	29	27
AT5G12470.1	14	12	10	2	2	7
AT3G26570.1	2	3	2	3	4	3
AT5G33320.1	16	16	14	10	19	18
AT2G38550.1	0	2	0	1	0	4
AT4G39460.1	1	0	3	4	5	4
AT1G06950.1	80	100	73	98	140	148
AT2G47840.1	9	8	6	10	16	19
AT5G55710.1	2	4	2	0	2	2
AT2G24820.1	4	4	4	5	4	5
AT5G46110.3	81	67	31	51	71	89
AT3G63410.1	5	8	5	5	5	9
AT1G08640.1	2	3	6	5	4	7
ATCG01130.1	57	48	37	47	54	67
sum33	4.6	9	0	5	5.6	15.4
AT5G35360.1	14	10	13	19	18	23
AT2G38040.1	19	14	8	3	4	2
AT2G21280.1	0	0	0	0	2	1
AT1G34430.1	5.8	5.1	2.4	2.4	2.8	6
AT4G14070.1	3	2	1	0	0	1
AT1G01090.1	4	7	3	10	11	9
AT4G33350.1	0	0	0	2	1	1
AT2G28900.1	5	4	2	4	5	8
AT3G25690.1	1	1	0	0	0	0
AT1G77590.1	6	6	5	6	6	11
AT5G42960.1	0	0	0	0	2	0
AT2G43950.1	1	1	0	0	0	2
AT3G46740.1	17	16	13	15	14	17
AT4G02510.1	26	21	14	30	32	37
AT1G02280.1	5	6	6	7	13	10
AT5G05000.1	1	2	1	2	2	4
AT5G19620.1	2	0	1	2	2	1
sum54	28.8	27.6	19.8	36.6	17.6	17.6
sum63	1	0	0	1	0	3
AT4G39980.1	0	0	0	1	0	2.7
AT4G33510.1	0	0	0	1	5	9.6
AT2G44050.1	2	2	0	2	2	2
AT2G31810.1	0	1	0	5	1	8
AT1G36180.1	0	0	0	8.8	7.5	12.9
AT1G54630.1	2	2	1	3	7	3
AT1G54580.1	1	3	0	0	3	1
AT5G53580.1	2	2	2	1	4	2
AT3G10350.1	1	1	0	1	2	2
AT5G10920.1	1	0	0	0	0	3
AT1G23180.1	1	1	0	2	4	3
AT2G22250.2	2	2	0	0	0	3
AT5G11520.1	0	0	0	0	0	2.2
AT4G04770.1	0	0	0	0	3	3
AT1G19740.1	0	0	0	0	3	3
AT2G22230.1	2	0	0	3	3	0
AT3G57180.1	0	0	0	4	8	7
AT2G20020.1	0	0	0	1	2	4
AT1G09750.1	4	4	4	4	3	3
AT1G26230.2	2	0	0	0	2	2
AT3G57050.1	2	2	0	2	5	1
AT1G31800.1	2	2	1	5	7	8
AT4G34200.1	17.5	20	13	16	13.8	21
AT1G59990.1	2	1	2	2	1	1
AT3G17810.1	0	0	0	2	2	0
AT5G64860.1	1	0	0	1	1	0
AT1G53280.1	0	3	3	0	0	5
AT3G25860.1	9.2	12.9	8.6	10.6	11.2	12
AT4G16155.1	3	3	2	3	4	5
AT3G12080.1	0	0	0	2	0	2
AT4G14890.1	0	0	0	2	0	1
AT2G30390.1	0	0	0	0	2	1
AT3G16290.1	0	1	0	0	2	0
AT5G64580.1	0	1	2	1	2	2
AT3G54900.1	5	4	2	2	4	4
AT3G14420.1	51.9	71.1	42.8	81.8	52.1	98
AT2G17265.1	1	0	0	1	0	0
AT4G12830.1	2	2	2	2	1	2
AT4G30920.1	4	4.8	4	2.1	8.6	7.8
AT3G04340.1	0	3	0	0	0	0
AT5G01650.1	0	2	1	1	2	1
AT4G25080.1	18	18	10	14	22	13
AT1G08520.1	28	27	30	29	32	55
AT5G13630.1	83	65	56	108	117	137
AT4G34830.1	1	2	1	4	8	7
AT3G53700.1	1	2	0	0	3	4
AT5G35100.1	2	0	0	1	0	2
AT3G26060.1	8	6	3	4	0	4
AT2G37690.1	0	0	0	0	2	2
AT5G43745.1	0	0	2	1	0	0
AT4G14210.1	0	0	0	0	1	4
AT3G59400.1	1	2	0	2	1	0
AT2G10940.1	18	19	12	14	13	24
AT5G04360.1	0	0	0	2	0	1
AT2G39670.1	0	0	0	0	1	1
AT4G24750.1	4	4	3	2	4	3
AT3G62910.1	0	0	0	0	1	1
AT3G15000.1	0	0	0	0	2	2
AT3G28460.1	0	0	0	0	1	2
AT3G04260.1	1	3	9	4	10	14
AT4G18240.1	0	0	1	0	3	2
AT3G06730.1	2	2	0	3	2	2
AT3G53560.1	0	0	0	0	2	3
AT5G54810.1	0	0	0	0	0	2
AT1G44920.1	0	0	0	0	3	3
AT1G48450.1	0	0	0	0	1	1
AT1G63610.1	0	0	0	1	3	3
AT1G67700.1	2	2	2	1	1	0
AT1G72640.1	2	3	6	1	1	2
AT2G21960.1	2	2	4	1	5	1
AT3G55250.1	2	2	0	0	4	3
AT1G54520.1	1	2	0	6	4	6
AT3G61870.1	7	5	1	4	5	5
AT3G01060.1	0	0	1	1	2	1
AT3G43520.1	0	0	0	2	0	1
AT4G27990.1	0	0	0	2	0	0
AT3G04870.1	0	0	0	2	0	1
AT5G58250.1	4	3	4	6	2	4
AT1G22410.1	1	4	0	3	0	5.7
AT5G56730.1	1	0	1	0	0	0
AT4G36390.1	1	2	0	2	2	4
AT3G13740.1	0	0	0	0	1	2
AT5G06220.1	0	0	0	0	0	2
AT3G50380.1	0	0	0	0	2	1
AT3G15110.1	0	0	0	0	1	2
AT5G02160.1	5	4	1	0	2	2
AT1G10830.1	2	3	2	0	2	0
AT5G18660.1	8	7	9	1	3	13
AT5G35170.1	5	8	10	5	8	6
AT4G01690.1	8	9	9	7	8	11
AT5G26742.2	31	22	12	67	84	117
AT4G09730.1	0	0	0	2	0	2
AT3G06980.1	0	0	0	0	0	4
AT3G16000.1	15	14	5	4	7	11
AT1G63680.1	1	0	0	0	1	4
AT1G74850.1	0	1	0	2	1	2
AT5G46580.1	6	5	4	11	11	17
AT5G04810.1	0	2	0	0	2	2
AT1G69200.1	0	0	0	1	1	2
AT2G34640.1	0	0	0	2	2	2
ATCG00190.1	2	5	12	4	9	12
ATCG00180.1	0	0	0	1	0	1
ATCG00170.1	30	14	17	31	32	40
AT2G19870.1	2	0	0	0	2	0
sum40	4	0	3	6	4	7
sum46	7	5	5	6	4	5
sum51	14	9	7	11	13	19
AT5G30510.1	24	17	14	20	20	33
ATCG00750.1	11	6	3	12	9	14
AT5G14320.1	4	5	5	4	3	7
ATCG00330.1	0	0	0	0	0	2
AT1G79850.1	0	0	0	1	0	1
ATCG00650.1	1	1	2	2	2	2
ATCG00820.1	4	2	0	2	2	2
ATCG00160.1	10	7	3	17	13	14
AT3G15190.1	4	5	5	3	3	4
ATCG00800.1	36	26	23	42	57	61
ATCG00380.1	14	14	9	12	21	20
AT2G33800.1	4	4	2	6	15	18
ATCG00770.1	7	6	5	13	17	12
AT1G74970.1	1	1	0	4	4	2
AT3G63490.1	15	16	10	15	21	18
AT5G13510.1	2	6	2	6	7	6
AT1G32990.1	9	8	5	7	6	13
AT1G78630.1	2	2	2	3	4	2
ATCG00780.1	9	5	8	7	6	8
AT3G25920.1	15	15	11	9	16	17
ATCG00790.1	2	2	2	3	2	2
AT3G54210.1	2	3	1	0	2	3
AT1G48350.1	3	2	2	2	2	1
AT4G17560.1	4	4	3	3	4	2
ATCG00660.1	3	3	2	4	3	6
AT1G35680.1	6	8	5	4	5	5
ATCG00810.1	1	0	2	2	3	6
AT5G54600.1	3	1	2	2	3	3
AT5G40950.1	2	3	1	2	4	5
AT5G65220.1	4	4	4	4	4	7
AT2G43030.1	20	11	15	22	29	38
AT1G75350.1	4	4	2	5	6	4
AT1G07320.1	15	14	15	14	18	19
AT4G01310.1	16	21	15	14	17	21
AT1G05190.1	13	13	18	16	12	16
AT3G44890.1	10	10	11	10	5	15
AT5G24490.1	3	5	3	4	2	8
AT3G52150.1	11	10	8	15	17	12
AT1G68590.1	0	1	0	1	1	3
AT4G29060.1	76	60	46	92	107	120
sum106	150.7	137.9	126.6	202.5	195.5	240.1
sum11	6	0	2	3	5	7
sum35	142.9	118.1	147	299.9	326.1	408
sum61	41	39	35	34	42	38
AT5G50250.1	1	1	1	4	4	7
AT5G62790.1	7	5	0	5	3	6
AT4G15560.1	0	1	2	2	3	6
AT4G34350.1	1	5	0	3	5	2
AT5G06290.1	20	24.7	18.5	17.5	22.4	18.4
AT1G18500.1	9	8	10	2.8	19	17.3
AT1G74040.1	0	0	0	8.3	0	5.8
AT3G03710.1	10	15	11	21	24	29
AT2G37660.1	13	10	7	16	20	32
AT5G57850.1	5	4	4	4	2	2
AT2G02500.1	1	0	0	1	0	0
AT1G48860.1	0	0	1.7	2.7	0	0
AT5G48960.1	3	2	1	2	0	1
AT3G48560.1	1	3	2	8	8	13
AT5G36880.2	6	3	2	0	0	4
AT1G80600.1	8	3	4	4	2	6
AT5G04740.1	1	0	0	2	1	4
AT4G25050.1	5	6	9	4	5	7
AT2G43710.1	5	4	0	5	5	7.5
AT5G47840.1	2	2	0	0	4	2
AT4G18440.1	0	0	0	0	0	5
AT5G48300.1	15	7	10	9	10	14
AT5G19220.1	11	11	4	11	12	11
AT2G35040.1	0	5	4	4	3	7
AT2G27680.1	9	6	4	4	6	8
AT5G66530.1	0	0	0	2	1	3
AT5G22510.1	0	1	0	0	2	3
AT1G69830.1	8	5	1	5	13	18
AT4G33680.1	17	9	10	16	13	15
AT1G70570.1	0	0	0	0	1	2
AT5G17990.1	0	2	1	2	6	4
AT2G29690.1	0	1	0	0	1	0
AT4G24830.1	7	8	8	10	11	9
AT4G26300.1	8	8	5	7	6	10
AT4G31990.1	13.5	13.6	13	17	15.6	21.2
AT1G31230.1	9	9	2	6	6	16.7
AT3G18680.1	2	2	0	6	10	13
AT1G08490.1	0	0	0	0	2	2
AT3G10670.1	3	2	1	4	3	6
AT2G41680.1	1	2	1	0	1	0
AT5G18570.1	0	0	0	2	0	2
AT1G58080.1	0	1	1	1	3	8
AT1G09795.1	1	2	0	0	0	1
AT3G22890.1	4	3	0	1	3	0
AT5G14740.2	101.5	87.5	58.8	87.2	134.1	122.3
AT4G17090.1	8	6	8	6	6	4
AT3G01500.3	97.5	94.5	20.6	115.8	120.9	133.2
AT5G10160.1	0	4	0	3	0	6
AT5G16390.1	0	0	3	0	1	0
AT3G49680.2	7	6	5.3	7	4	10
AT1G29900.1	47	36	38	40	35	45
AT2G38270.1	1	0	0	0	2	3
AT4G34120.1	0	0	0	1	0	2
AT3G20330.1	0	2	0	0	0	0
AT4G24770.1	21	15	14	21	27	36
AT5G15450.1	22	20	9	30.8	24.7	36.9
AT5G51070.1	2.3	1.1	3.4	3.5	4.5	6.8
ATCG00670.1	4	4	3	5	5	6
AT1G66670.1	3	2	2	5	6	8
AT5G45390.1	17	14	16	33	26	40
AT1G02560.1	2	3	3	9	8	9
AT1G11750.1	6	8	6	4	10	5
AT1G49970.1	1	0	0	0	2	3
AT1G12410.1	0	0	0	0	3	0
AT1G09130.1	2	2	4	4	5	8
AT4G17040.1	5	6	3	4	6	7
AT4G25370.1	2	1	2	0	0	0
AT4G12060.1	7	1	4	4	2	5
AT3G62410.1	2	0	2	2	2	2
AT4G24280.1	46.7	42.1	40	59.5	56.8	66.2
AT5G49910.1	20.3	24.9	21	47.5	17.2	62.8
AT2G04030.1	45.7	45.7	41.5	88.5	96.4	126.6
AT2G44650.1	0	0	0	2	4	5
AT5G20720.1	27	29	25	42	46	39
AT5G18820.1	0	0	0	0	1	1
AT2G28000.1	139	140	120	249	249.7	369.8
AT5G03940.1	1	2	0	1	1	5
AT3G05350.1	2	6	3	5	6	8
AT1G12520.1	2	2	1	5	8	14
AT2G43750.1	40	51	35	28	36	42
AT3G19480.1	2.5	0	0	0	1.3	0
AT5G35970.1	10	7	5	7	7	9
AT2G47940.2	10	10	5	5	6	8
AT5G16710.1	4	4	4	2	5	5
AT3G53580.1	2	1	0	3	2	2
AT2G44040.1	2	3	1	4	2	5
AT3G23940.1	8	6	7	11	7	11
AT1G14410.1	2	2	0	3	6	4
AT3G08740.1	2	1	2	9	6	6
AT5G13650.1	19	16	19	50	43	44
AT4G20360.1	147	137	131	228	202	226
AT5G08650.1	2	6	5	5	5	13
AT1G62750.1	77	63	46	75	92	126
AT2G05990.1	28	15	8	14	19	15
AT5G01600.1	0	0	0	2	4	2
AT3G54050.1	45	49	35	35	21	37
AT2G21330.1	68.2	85.2	52	71.6	104.7	100.8
AT2G36250.1	6	4	0	3	6	9
AT4G23100.1	1	3	1	1	2	2
AT4G36810.1	5	3	5	5	5	10
AT5G35790.1	0	0	0	0	0	3
AT4G24620.1	4	5	0	1	3	7
AT2G37500.2	1	1	2	1	1	1
AT5G63570.1	14.2	20.9	14.3	18.2	14.1	17.4
AT3G48730.1	31.8	20.1	12.7	25.8	16.9	27.6
AT5G35630.1	62	54	34	38	34	37.8
AT3G15660.1	0	0	0	0	0	2
AT2G20270.1	4	3	4	0	5	2
AT2G25080.1	2	3	3	1	0	1
AT3G54660.1	0	0	0	0	1	1
AT3G55040.1	0	0	1	1	0	2
AT3G26650.1	111.6	88.2	98.8	117	112.7	138.6
AT1G12900.1	73.1	70.7	72.4	98.5	84.7	109.6
AT1G42970.1	87.4	73.1	65.7	70.7	80.7	108.9
AT1G80380.4	13	10	7	5	5	9
AT1G63770.3	20	15	15	17	27	26
AT1G17650.1	7	8	2	9	12	12
AT5G17710.1	9	10	5	11	11	13
AT1G36390.1	2	4	1	1	1	2
AT1G56500.1	18	19	20	5	16	28
AT3G48420.1	8	5	5	10	14	16
AT4G39970.1	8	4	6	6	6	8
AT3G24430.1	3	3	1	3	2	5
AT1G09340.1	37	27	26	39	43	49
AT5G63890.2	4	4	2	1	6	6
AT1G52510.1	4	4	4	4	3	3
AT5G08280.1	27	31	20	25	25	33
AT5G49030.3	15	20	12	12	18	19
AT5G51100.1	4	3	2	4	3	4
AT4G09020.1	0	0	0	0	2	1
AT4G13430.1	5	4	4	5	11	10
AT2G43090.1	0	3	2	6	10	8
AT5G46290.1	4	3	5	5	7	11
AT3G58610.1	43	37	32	64	64	87
AT5G45170.1	9	12	4	2	6	6
AT4G04350.1	0	0	1	0	3	3
AT3G45140.1	58	58	43	70	67	108
AT3G47520.1	20.3	20.9	12.6	16.6	20.4	24.4
AT5G58330.1	14	13	13	13	13	14
AT2G30200.1	11	14	12	12	13	20
ATCG00040.1	0	0	0	1	0	1
AT4G25130.1	4	4	2	10	12	8
AT4G18480.1	6.4	4	3	4.5	13.3	19.2
AT3G57560.1	0	0	1	1	3	4
AT2G19940.1	4	5	1	1	4	4
AT1G21640.1	1	1	0	0	0	0
AT1G23740.1	23	23	15	18	20	28
AT5G63310.1	3	3	4	4	4	7
AT2G15620.1	22	22	20	23	24	31
AT3G62030.1	28	38	53	69	84	91
AT3G52960.1	17	19	14	16	19	23
AT1G66430.1	3	4	0	1	1	8
AT5G26570.1	17	11	19	25	21	29
AT1G70820.1	8	9	4	3	4	5
AT5G17530.1	0	1	3	1	0	2
AT3G12780.1	224.9	195.4	184.4	181.6	197.8	286.7
AT1G56190.2	19.4	18.1	14.7	20	6.5	23
AT4G21210.1	5	3	0	2	3	3
AT1G31860.1	2	0	1	0	0	0
AT3G55010.1	0	2	2	2	2	4
AT1G32060.1	30	23	21	31	28	36
AT4G35630.1	6	2	2	2	2	2
AT5G55280.1	4	2	0	6	7	6
AT5G51820.1	22	24	18	17	23	24
AT1G24360.1	14	7	13	10	12	11
AT1G69740.1	9	6	7	9	10	14
AT1G80480.1	0	0	0	0	1	2
AT3G44620.1	0	0	0	0	0	2
AT5G65840.1	0	0	0	0	1	2
AT5G58770.1	1	1	0	0	2	2
AT3G63190.1	3	5	6	2	10	2
AT2G35410.1	7	7	8	10	9	8
AT3G22960.1	9	11	7	14	23	24
AT5G52920.1	9	14	7	23	22	17
AT4G15530.1	1	1	0	0	1	3
AT3G63140.1	2	2	2	4	5	6
AT5G61410.1	10	12	14	27	33	46
AT4G39040.1	0	1	0	2	1	3
AT3G53460.1	12	16	12	25	29	34
AT2G37220.1	24	20	22	36	28	28
AT4G09040.1	5	7	6	12	17	10
AT1G60000.1	2	0	0	1	1	2
AT3G52380.1	9	7	10	14	19	18
AT4G16390.1	2	0	0	6	8	6
AT5G63420.1	4	5	0	5	8	18
AT2G39730.1	271	245	216	265	293	373
ATCG00490.1	990	1022	712	1012	964	1283
AT5G38430.1	28.3	27.1	23.9	20.4	24.8	28
AT5G38420.1	28.3	18.6	20.9	38.7	15.7	23.8
AT5G38410.1	26.6	18.6	17.6	34.6	48.7	86.2
AT1G67090.1	76.2	85.4	75.6	93.3	98.6	109.2
AT1G12800.1	10	10	7	11	12	18
AT3G23700.1	0	1	0	1	3	1
AT3G55800.1	34	25	18	20	22	37
AT3G26900.1	4	2	2	2	5	5
AT2G35500.1	0	4	0	4	5	5
AT1G17050.1	0	0	0	1	0	3
AT5G03650.1	1	0	0	0	0	3
AT3G29320.1	25	27	21	22	30	32
AT5G24300.1	6	4	0	2	2	3
AT1G11720.1	2	0	1	1	0	0
AT5G42390.1	17	6	12	35	43	40
AT4G20850.1	27	20	22	25	20	24
AT5G04590.1	18	17	17	14	16	17
AT2G29630.1	6	6	6	9	10	8
AT1G76080.1	6	3	4	10	17	22
AT5G16400.1	1	0	0	0	0	2
AT1G50320.1	2	2	2	2	3	2
AT1G43560.1	2	4	2	3	2	2
AT4G29840.1	1	2	1	0	2	6
AT2G47390.1	7	13	9	18	11	31
AT1G12230.1	1	1	0	1	2	3
AT5G13420.1	3	4	1	1	2	2
AT3G60750.1	296	307	244	319	324	424
AT1G17220.1	24	20	21	37	34	36
AT5G55220.1	6	14	9	16	16	20
AT2G21170.1	26.5	23	20.5	22.3	32.2	34
AT3G54640.1	0	0	0	1	1	4
AT4G33030.1	4	5	0	0	6	5
AT2G21385.1	2	2	2	1	1	0
AT2G31890.1	1	1	1	7	4	3
AT2G39080.1	0	0	0	0	1	2
AT2G45990.1	5	6	2	7	6	9
AT3G04550.1	0	0	0	1	3	4
AT4G34090.1	3	5	3	1	3	1
AT4G38225.1	3	2	0	0	3	1
AT5G13030.1	2	0	2	5	2	3
AT5G28500.1	1	4	1	6	4	10
AT5G51110.1	0	0	0	1	3	4
AT4G31530.1	0	0	2	0	0	2
AT4G30720.1	1	0	0	0	0	4
AT5G14910.1	5	8	7	9	9	9
AT1G62780.1	1	0	2	0	2	3
AT2G35450.1	0	1	0	0	1	2
AT2G24020.1	3	3	2	1	2	1
AT3G53900.1	0	0	1	1	1	4
AT2G40490.1	16	14	10	17	17	22
AT3G14930.1	2	0	2	1	2	3
AT4G18810.1	0	0	0	0	0	3
AT5G16715.1	5	8	5	5	11	16
AT1G10760.1	39	36	28	42	50	44
ATCG00520.1	2	1	0	4	4	3
AT2G25830.1	3	2	2	2	3	3
AT1G04420.1	8	8	6	3	3	6
AT1G14810.1	8	4	6	4	5	2
AT1G03475.1	7	9	4	5	5	10
AT1G11430.1	2	1	0	4	0	0
AT1G15140.1	4	5	6	4	3	9
AT1G01080.1	6	0	3	6	3	6
AT4G04020.1	9.1	12.4	9.6	25.2	41	38.3
AT4G22240.1	6.9	5.6	2.4	15.8	22	22.8
AT2G35490.1	4	4	4	7	6	7
AT3G23400.1	16	17	16	18	12	25
AT3G58010.1	0	0	0	1	2	1
AT2G42130.4	10	17	5	18	21	22
AT1G32220.1	4	3	2	6	7	11
AT4G38970.1	122.7	91.7	71.1	125.3	120.7	148.2
AT4G39730.1	2	1	0	3	0	1
AT4G13200.1	4	0	3	0	0	2
AT4G31390.1	0	0	0	0	1	2
AT1G79600.1	0	0	0	1	5	9
AT3G24190.1	0	0	0	0	0	5
AT5G05200.1	0	0	0	2	1	2
AT1G06690.1	1	2	0	2	2	4
AT4G19170.1	5	6	3	6	11	14
AT2G46910.1	4	1	1	6	5	6
AT2G34460.1	11	14	7	16	16	16
sum75	0	0	0	2	2	4
AT5G64300.1	1	1	1	4	4	4
AT5G66120.2	0	0	1	1	0	1
AT2G45300.1	4	6	8.3	1.3	4	7
AT1G64190.1	2	1	0	3	3	4.7
AT1G73110.1	3	3	0	1	4	4
AT5G20250.1	0	0	0	1	4	4
AT1G57770.1	0	0	0	0	1	1
AT4G19710.2	2	0	0	3	3	12.3
AT3G08010.1	2	0	0	0	0	1
AT1G48850.1	0	2	1	0	1	0
AT1G70070.1	6	3	1	16	15	11
AT3G06350.1	1	0	1	2	0	2
AT2G01140.1	5.1	2.1	0	0	2	2.1
AT2G47730.1	4	4.2	3	3	2	7.2
AT4G02520.1	16	15.8	16	11	12	12.8
AT1G16720.1	5	7	2	4	6	8
AT2G26670.1	0	0	0	2	0	2
AT4G29590.1	0	0	0	0	2	2
AT5G45930.1	1.6	0	0	4.5	1.7	4.8
AT5G53460.1	44	39	24	45	55	86
AT4G33500.1	0	6	2	1	3	3
AT2G20690.1	0	1	0	1	0	0
AT5G14260.1	3	6	0	3	3	12
AT3G10050.1	1	2	0	0	0	2
AT1G16080.1	21	28	14	19	20	29
AT5G42650.1	7	14	10	7	9	18
AT5G38660.1	8	8	6	4	1	2
AT3G26710.1	12	13	12	12	8	8
AT3G51820.1	1	3	0	1	3	2
AT3G14110.1	1	1	0	2	0	2
AT1G74470.1	19	15	11	20	16	22
AT5G03880.1	16	8	7	13	8	16
AT1G42960.1	0	1	0	0	2	2
AT5G38520.1	2	2	2	1	2	3
AT1G80030.1	2	0	1	4	5	2
AT3G47860.1	0	1	0	1	1	1
AT1G64770.1	2	3	2	0	0	2
ATCG01110.1	11	11	8	3	1	5
ATCG00430.1	0	2	1	0	0	1
AT2G46820.1	3	5	3	4	5	6
AT5G07020.1	4	4	5	6	4	5
AT2G42220.1	4	3	3	4	1	3
AT4G27700.1	5	5	3	1	0	1
AT1G71500.1	15	15	17	17	15	20
AT4G28740.1	1	2	0	0	0	3
AT1G52220.1	6	4	2	3	2	1
AT5G20140.1	1	1	0	0	0	1
AT4G01050.1	4	8	9	4	4	6
AT3G18890.1	17	22	23	20	21	20
AT1G65230.1	2	1	0	0	0	1
AT1G74730.1	2	2	3	3	3	2
AT2G23670.1	6	4	5	4	4	4
AT3G12345.1	1	0	0	0	3	5
AT3G59780.1	16	14	7	4	10	10
AT5G08050.1	6	4	4	4	4	4
AT5G37360.1	9	5	11	6	8	4
AT5G48790.1	0	0	0	0	0	2
AT3G46780.1	26	31	23	18	21	36
AT5G17170.1	2	2	0	3	2	3
AT4G35250.1	17	11	10	9	12	11
AT5G44650.1	2	2	2	2	2	2
AT5G67030.1	10	13	6	5	5	15
sum18	209.8	286.2	83.4	199.3	216.8	245.7
sum37	127.4	124.1	140.2	132.9	130.3	162.1
sum82	57.4	18	123.2	68.8	71.6	58.6
AT2G28800.1	3	2	0	0	1	0
ATCG00130.1	28	30	30	19	19	16
AT4G32260.1	4	2	2	1	1	3
ATCG00140.1	4	7	1	5	2	15
ATCG00150.1	16	7	8	1	8	24
AT2G18710.1	5	3	1	2	3	7
AT1G50250.1	30.7	33.3	14.5	11.3	19.7	31.1
AT2G30950.1	70	77	72.3	73	89	104.7
AT5G42270.1	73.3	81.7	64.5	74.8	70.3	78.9
AT1G06430.1	1	0	2.7	0	4	4.3
AT1G03160.1	2	7	5	9	3	9
AT3G54890.1	8	5	5	7	6	10
AT3G61470.1	18	13	6	10	14	15
AT1G61520.1	38	34	28	30	38	38
AT3G47470.1	55	41	33	30	29	33
AT1G45474.1	6	4	5	2	4	3
AT1G19150.1	0	1	0	0	1	0
AT5G54270.1	92.2	69.5	56.5	104.7	92.7	110.8
AT5G01530.1	171.9	149.7	149.5	117.3	119.7	142
AT3G08940.2	98.1	103.3	96.5	55.7	67.3	92.9
AT2G40100.1	2	0	1	5	7.1	13.1
AT4G10340.1	128	118	123	107	90	134
AT1G15820.1	119	130	100	55	90	87
AT4G17600.1	0	0	0	0	0	2
ATCG01100.1	12	17	13	4	4	5
AT5G21430.1	2	3	2	0	0	0
AT1G34000.1	4	4	4	3	3	5
ATCG00540.1	41	33	26	25	35	41
ATCG00720.1	69	64	55	51	53	59
ATCG00730.1	5	4	6	3	6	12
AT2G26500.1	0	0	0	0	1	2
AT4G22890.1	26	29	32	17	24	28
ATCG00350.1	109	105	82	74	94	128
ATCG00340.1	203	207	197	165	194	196
AT1G31330.1	36	38	25	20	27	25
AT1G55670.1	9	7	6	1	2	6
AT3G16140.1	8	5	0	1.5	2	2
AT1G52230.1	0	0	5	1.5	2	2
AT1G30380.1	2	2	0	0	0	2
AT4G12800.1	47	59	34	31	40	52
AT1G08380.1	1	5	3	4	6	8
ATCG00020.1	104	93	70	78	72	95
ATCG00680.1	378	378	410	314	312	302
ATCG00280.1	230	207	185	175	192	220
ATCG00270.1	195	206	201	164	159	170
ATCG00580.1	11	10	11	7	4	6
ATCG00710.1	6	4	3	3	4	5
ATCG00560.1	4	2	6	1	0	3
AT1G79040.1	6	7	1	1	4	5
AT1G44575.1	34	71	50	33	30	63
AT1G51400.1	2	1	0	0	0	0
AT1G22700.1	0	1	1	2	2	3
AT1G54500.1	2	1	0	1	0	0
AT5G12130.1	0	0	0	0	2	4
AT1G77490.1	2	2	0	0	0	0
AT1G14345.1	2	2	1	2	0	2
AT4G01150.1	26	20	20	19	8	14
AT5G45680.1	1	0	0	0	0	5
AT3G27925.1	11	5	0	0	2	5
AT5G23120.1	17	17	12	15	11	16
AT3G10060.1	2	2	1	0	0	2
AT3G56650.1	0	0	0	0	2	2
AT1G77090.1	0	2	0	0	0	0
AT5G53490.1	10	11	8	9	9	12
AT3G15520.1	2	2	3	0	1	1
AT5G13120.1	2	3	4	5	3	5
AT4G03280.2	8	0	4	10	9	11
AT1G20340.1	2	2	2	2	2	2
AT3G24590.1	0	0	1	2	1	3
AT5G64040.1	14	13	6	7	5	10
AT5G66570.1	38.8	50.5	29.3	15.3	32.9	31.4
AT3G50820.1	33.2	44.5	22.7	26.7	32.1	32.6
AT1G06680.2	55	73	62	56	50	69
AT4G21280.1	35.9	28.7	25	27.8	29	34
AT4G05180.1	22.1	25.3	27	9.3	12	17
AT1G03600.1	3	5	3	1	1	0
AT4G24930.1	1	1	0	0	0	0
AT1G54780.1	14	17	16	15	12	17
AT2G44920.2	2	0	1	1	3	3
AT4G02530.1	4	6	4	7	4	6
AT4G09010.1	23	25	15	23	25	30
AT3G01480.1	11	10	7	6	6	11
sum52	9	10	11	12	10	12
AT1G73060.1	22	16	16	12	14	12
ATCG01010.1	11	2	3	2	2	7
ATCG01090.1	2	2	2	2	0	0
ATCG01060.1	9	7	4	5	5	9
AT4G28750.1	3	6	5	0	3	4
AT3G11630.1	16	12.3	12.5	25.5	29.6	31.6
AT5G60600.1	34	31	25	37	59	72
AT3G25770.1	3	0	4	0	0	0
ATCG00120.1	413.7	412.7	412	263.9	256.9	412.6
ATCG00480.1	386.3	372.1	359.9	258.6	287	392.9
AT4G09650.1	39	36	37	28	27	25
ATCG00470.1	10	10	8	9	8	5
AT4G04640.1	65	67	62	55	47	78
AT2G28190.1	2	0	2	5	4	4
AT4G01800.1	25	34	33	30	59	64
AT3G56940.1	20	12	15	14	11	28
AT3G20390.1	6	8	7	7	2	8
AT1G10960.1	0	0	0	3	0	2
AT1G60950.1	0	2	0	4	0	3
AT1G51110.1	0	2	3	3	2	0
AT5G19940.1	5	5	4	5	5	8
AT5G66190.1	29	28	31.3	28.5	36.1	42
AT1G20020.1	23	25	16.7	27.5	22.9	31
AT1G67280.1	8.4	8	2.3	9	9.9	10.9
AT5G09650.1	10	8	4	9	8	11
AT3G21200.1	0	0	0	3	5	6
AT4G27440.1	32.7	27.7	13	13	21	21.8
AT1G03630.1	7.3	6.3	2	2	4	5.2
AT3G04790.1	19	19	10	25	23	30
AT2G20890.1	11	14	8	12	18	19
AT3G02730.1	6	2	2	2	2	2
AT1G03680.1	4	3	4	5	4	4
AT4G03520.1	5	4	4	3	2	3
AT3G47070.1	4	4	2	2	2	3
AT1G55480.1	14	13	11	8	11	11
AT2G21530.1	2	3	1	1	0	1
AT1G16880.1	8	7	5	13	12	13
AT1G65260.1	7	5	8	5	7	8
AT4G34620.1	0	0	0	4	1	1
AT1G50200.1	9	8	6	10	7	11
AT5G22800.1	33	31	28	27	42	49
AT4G17300.1	1	2	3	3	2	2
AT3G19170.1	67	68	57	0	0	0
AT5G23060.1	22	23	20	15	15	21
AT3G23070.1	0	0	0	5	4	2
AT3G10690.1	0	0	0	0	0	2
AT4G31210.1	1	0	0	1	3	2
AT5G04140.2	329	309	317	385	415	471
AT1G74260.1	28	18	17	10	18	18
AT5G53170.1	3	5	1	1	2	5
AT5G64050.1	0	0	0	1	0	2
AT1G48520.1	0	0	1	0	1	8
AT3G48110.1	14	21	26	32	26	37
AT3G46100.1	0	0	2	1	0	0
AT5G65620.1	20	16	13	16	14	15.7
AT1G13270.1	2	4	2	2	3	4
AT3G55400.1	0	0	0	0	2	4
AT1G63940.2	13	11	12	21	17	25
AT3G62530.1	4	1	1	1	1	3
AT5G14660.1	0	2	0	0	0	2
AT3G58140.1	4	5	3	3	2	5
AT4G37000.1	4	2	4	3	5	5
AT4G08390.3	3	2	2	4	5	2
AT5G54770.1	25	21	14	102	84	157
AT2G04842.1	0	3	0	0	6	7
AT3G02660.1	1	0	0	0	2	2
AT4G33760.1	0	1	0	4	2	1
AT3G13490.1	1	0	0	4	4	5
AT5G52520.1	2	2	0	3	4	4
