Protein	Length	0	0	0	1	1	1
AT1G01080.1	1	2	6	8	8	4	7
AT1G01090.1	1	0	1	2	2	2	2
AT1G01790.1	1	48	91.6	28.9	51.4	34.6	52.1
AT1G02475.1	1	1	0	1	1	0	1
AT1G02560.1	1	16	23	22	15	26	13
AT1G02910.1	1	7	1	6	2	0	2
AT1G03160.1	1	38	32	30	23	22	40
AT1G03310.1	1	9	2	7	3	5	8
AT1G03475.1	1	11	13	16	11	15	19
AT1G03600.1	1	4	9	9	8	9	6
AT1G03630.1	1	11	13.5	12.7	10	9.5	15.9
AT1G03680.1	1	10	23	20	15	25	23
AT1G04410.1	1	0	6	6	0	4	3
AT1G04420.1	1	15	21	31	17	26	32
AT1G05190.1	1	21	29	39	22	26	28
AT1G06680.1	1	105	150	193	107	160	207
AT1G06690.1	1	6	7	7	7	7	6
AT1G06950.1	1	83	115	56	89	60	104
AT1G07320.1	1	12	19	13	16	10	23
AT1G08110.1	1	0	4	0	0	2	2
AT1G08380.1	1	17	17	14	14	16	21
AT1G08490.1	1	0	1	1	1	5	3
AT1G08520.1	1	14	15	10	10	9	13
AT1G08550.1	1	4	2	8	1	3	4
AT1G08640.1	1	1	3	1	1	2	1
AT1G09130.1	1	8	11	12	6	8	18
AT1G09340.1	1	50	67	81	60	68	91
AT1G09795.1	1	1	5	6	3	3	5
AT1G09830.1	1	2	3	5	0	1	3
AT1G10510.1	1	2	1	1	0	0	1
AT1G10760.1	1	79	110	54	94	66	104
AT1G11430.1	1	0	3	2	0	2	6
AT1G11720.1	1	9	4	1	9	1	5
AT1G11750.1	1	9	19	13	12	15	18
AT1G11860.1	1	7	9	5	4	5	8
AT1G12230.1	1	7	16	16	7	12	14
AT1G12250.1	1	12	13	10	8	12	17
AT1G12410.1	1	1	0	3	6	2	3
AT1G12800.1	1	1	1	0	0	0	3
AT1G12840.1	1	0	0	2	0	0	4
AT1G13270.1	1	4	4	2	3	4	3
AT1G13280.1	1	7.2	8.6	7.6	7	6.6	6.5
AT1G13930.1	1	2	4	1	1	2	4
AT1G14030.1	1	2	1	0	0	1	0
AT1G14150.1	1	11	8	7	7	9	6
AT1G14345.1	1	9	10	7	9	9	9
AT1G14410.1	1	0	3	0	1	4	3
AT1G14810.1	1	7	23	29	9	17	29
AT1G15060.1	1	0	0	1	0	2	2
AT1G15140.1	1	4	15	17	5	15	15
AT1G15820.1	1	305	285	314	282	247	278
AT1G15980.1	1	12	9	12	4	6	14
AT1G16080.1	1	6	9	4	8	7	10
AT1G16720.1	1	10	5	11	5	8	13
AT1G16790.1	1	0	0	2	2	3	2
AT1G16880.1	1	16	23	26	31	26	36
AT1G17050.1	1	0	1	1	0	0	3
AT1G17160.1	1	0	0	2	0	1	2
AT1G17220.1	1	17	23	5	26	9	28
AT1G17650.1	1	0	2	3	2	0	5
AT1G17745.1	1	3.4	0	3.4	0	1.1	0
AT1G18060.1	1	8	9	9	10	10	4
AT1G18170.1	1	2	9	4	6	5	1
AT1G18500.1	1	0	2	7	0	6	9
AT1G18640.2	1	0	2	0	0	2	0
AT1G18730.1	1	5	4	2	4	1	4
AT1G19150.1	1	1	4	3	3	4	7
AT1G19800.1	1	1	0	1	0	1	1
AT1G20020.1	1	26.3	37.1	34.3	22.8	32.7	35.8
AT1G20340.1	1	9	15	28	8	12	15
AT1G20620.1	1	56.8	86.4	59.7	55.9	62.8	82.8
AT1G21350.1	1	0	0	3	0	0	5
AT1G21440.1	1	3	3	6	4	4	4
AT1G22530.1	1	3	12	0	0	0	0
AT1G22700.1	1	3	3	4	11	5	6
AT1G23310.1	1	6	12	10	4	6	12
AT1G23740.1	1	22	38	33	32	37	34
AT1G24360.1	1	10	20	24	17	19	24
AT1G26090.1	1	0	2	0	0	2	0
AT1G27450.1	1	1	3	2	6	4	7
AT1G28140.1	1	3	1	1	2	1	1
AT1G29390.1	1	2	0	1	2	0	0
AT1G29395.1	1	6	2	6	11	5	5
AT1G29900.1	1	63	112	44	70	66	99
AT1G31160.1	1	4	7	3	5	2	5
AT1G31180.1	1	5.6	21.3	19.6	7.9	27.1	20.9
AT1G31190.1	1	0	3	9	1	5	4
AT1G31230.1	1	18	22.6	18	16	13	21
AT1G31330.1	1	465	445	387	468	410	344
AT1G31860.1	1	0	2	2	1	2	2
AT1G32060.1	1	96	138	153	103	123	166
AT1G32080.1	1	6	26	19	4	25	31
AT1G32200.1	1	1	5	5	2	1	4
AT1G32220.1	1	4	9	13	8	13	9
AT1G32470.1	1	3	3	2	1	4	3
AT1G32900.1	1	23	3	5	5	0	0
AT1G32990.1	1	13	25	27	22	27	25
AT1G33810.1	1	3	2	2	4	3	2
AT1G34000.1	1	6	16	15	13	10	14
AT1G34430.1	1	10.9	11.5	5.7	6	7	11.2
AT1G35420.1	1	0	0	0	1	2	1
AT1G35680.1	1	6	15	14	10	12	13
AT1G35720.1	1	3	2	2	1	1	3
AT1G42960.1	1	0	5	2	2	5	5
AT1G42970.1	1	138.6	205.3	218.8	135.9	189.1	250.8
AT1G43560.1	1	0	8	8	5	5	4
AT1G44575.1	1	158	247	199	187	195	128
AT1G44920.1	1	0	8	3	0	1	6
AT1G45474.1	1	1	4	6	1	4	4
AT1G48350.1	1	6	9	12	7	7	11
AT1G48420.1	1	3	4	3	3	3	5
AT1G48470.1	1	0	0	1	0	0	5
AT1G48520.1	1	1	6	3	4	7	0
AT1G48850.1	1	2	3	4	5	2	5
AT1G49970.1	1	0	4	3	2	2	2
AT1G50170.1	1	0	2	2	1	4	2
AT1G50320.1	1	1	6	3	2	3	4
AT1G50450.1	1	7	7	6	8	6	6
AT1G50900.1	1	1	1	2	2	3	3
AT1G51110.1	1	12	12	11	10	10	10
AT1G52220.1	1	2	2	2	1	0	2
AT1G52230.1	1	61.8	72.5	31.3	41	33	27.6
AT1G52400.1	1	2	2	2	2	2	2
AT1G52510.1	1	15	22	22	17	16	15
AT1G52570.1	1	2	2	0	1	0	0
AT1G53280.1	1	6	6	5	7	8	8
AT1G53520.1	1	1	3	3	1	3	2
AT1G54500.1	1	4	6	7	5	3	5
AT1G54520.1	1	1	3	1	0	5	5
AT1G54580.1	1	4	4	6	6	7	10
AT1G54630.1	1	6	10	10	10	12	11
AT1G54780.1	1	39	53	49	41	54	38
AT1G55480.1	1	11	8	11	10	5	9
AT1G55670.1	1	71	77	73	77	53	61
AT1G56050.1	1	6	6	9	5	6	11
AT1G56070.1	1	18	19	13	7	11	20
AT1G56500.1	1	68	65	28	44	27	40
AT1G57770.1	1	2	3	1	3	2	0
AT1G58080.1	1	1	1	0	1	1	0
AT1G61520.1	1	159	302	374	157	244	238
AT1G61850.1	1	1	0	1	0	3	0
AT1G62640.1	1	0	6	9	2	5	9
AT1G62750.1	1	50	73	45	51	45	67
AT1G62780.1	1	0	1	2	0	0	2
AT1G63770.3	1	28	37	40	34	28	52
AT1G63940.1	1	18	15	17	17	16	25
AT1G63970.1	1	2	1	0	0	1	1
AT1G64190.1	1	1	3.9	3	6.8	3.9	6.9
AT1G64510.1	1	0	4	1	1	2	5
AT1G64770.1	1	16	11	6	6	10	9
AT1G64790.1	1	1	4	0	0	0	0
AT1G65260.1	1	5	4	2	3	3	3
AT1G65930.1	1	0	5	6	2	3	7
AT1G66200.1	1	1	6.1	2	2	5.1	4
AT1G66430.1	1	11	17	12	17	17	21
AT1G66670.1	1	0	1	2	1	2	2
AT1G66970.1	1	0	2	0	0	0	4.5
AT1G67090.1	1	118.1	270.7	249.6	178	259	258.1
AT1G67280.1	1	7	18	19	16	17	21
AT1G67560.1	1	2	1	1	0	0	2
AT1G67700.1	1	2	4	3	1	6	5
AT1G68010.1	1	13	30	19	20	20	38
AT1G68590.1	1	0	8	5	3	12	10
AT1G68830.1	1	6	6	7	5	6	4
AT1G69200.1	1	2	2	0	0	0	2
AT1G69740.1	1	13	17	21	9	18	21
AT1G69830.1	1	6	8	4	8	2	6
AT1G70070.1	1	1	5	0	3	1	7
AT1G70820.1	1	4	8	14	0	4	9
AT1G70890.1	1	0	4	0	0	2	1
AT1G71500.1	1	32	43	45	27	33	25
AT1G71810.1	1	0	0	0	2	3	1
AT1G72150.1	1	12	25	6	7	7	20
AT1G72370.1	1	0	5	3	0	0	4
AT1G72640.1	1	2	0	0	2	0	0
AT1G73060.1	1	10	16	11	16	14	12
AT1G73110.1	1	2	0	1	1	1	1
AT1G73990.1	1	3	2	5	5	2	3
AT1G74070.1	1	3	8	5	4	5	6
AT1G74260.1	1	21	60	26	27	26	54
AT1G74470.1	1	40	47	37	44	33	37
AT1G74730.1	1	9	9	5	8	8	5
AT1G74850.1	1	1	1	6	2	3	5
AT1G74880.1	1	7	6	3	2	5	2
AT1G74960.1	1	4	7	9	5	5	10
AT1G74970.1	1	9	11	12	17	9	15
AT1G75330.1	1	6	5	4	7	4	9
AT1G75350.1	1	2	2	3	1	4	4
AT1G75690.1	1	3	2	3	3	4	2
AT1G76080.1	1	1	6	10	7	11	9
AT1G76100.1	1	4	4	6	2	3	3
AT1G76450.1	1	7	9	7	7	6	7
AT1G76730.1	1	0	2	0	1	2	2
AT1G77060.1	1	2	4	3	4	0	2
AT1G77090.1	1	5	8	4	5	6	8
AT1G77490.1	1	33	24	31	22	25	21
AT1G77590.1	1	13	9	9	9	6	12
AT1G78140.1	1	1	1	1	0	2	1
AT1G78370.1	1	1	0	0	3	1	2
AT1G78630.1	1	1	10	13	10	8	14
AT1G78900.1	1	16	14	10	3	11	24
AT1G79040.1	1	16	20	23	17	15	20
AT1G79560.1	1	6	15	3	7	4	14
AT1G79600.1	1	8	11	5	13	6	8
AT1G79790.1	1	0	3	2	0	2	2
AT1G79850.1	1	6	3	4	7	5	7
AT1G80300.1	1	0	0	3	0	1	4
AT1G80380.2	1	20	23	32	28	24	38
AT1G80560.1	1	6.2	10.8	9.5	7.8	9.6	18.6
AT1G80600.1	1	7	10	10	5	13	17
AT2G01140.1	1	4.1	8	6	2	11.3	10.2
AT2G02500.1	1	1	1	3	1	2	2
AT2G02740.1	1	0	1	2	2	4	2
AT2G03140.1	1	3	0	0	7	1	3
AT2G04030.1	1	36	33	21	57	26	52
AT2G04039.1	1	0	0	3	0	0	1
AT2G04400.1	1	9	9	10	10	8	10
AT2G04700.1	1	0	2	1	0	0	1
AT2G04842.1	1	1	3	2	1	3	2
AT2G05310.1	1	3	3	0	2	3	0
AT2G05620.1	1	3	7	3	5	5	3
AT2G05710.1	1	13.4	17	15.5	5	13	17.8
AT2G05990.1	1	20	31	46	16	29	36
AT2G13360.1	1	16	23	18	9	19	34
AT2G15290.1	1	2	3	0	2	3	2
AT2G15620.1	1	29	43	43	23	38	32
AT2G17265.1	1	7	7	9	3	6	12
AT2G17630.1	1	2.1	4.6	0	5	6.4	6.7
AT2G17695.1	1	1	2	8	0	4	5
AT2G17972.1	1	4	6	5	3	5	4
AT2G18710.1	1	13	13	10	10	10	14
AT2G19730.1	1	4	4	7	2	4	5
AT2G19940.1	1	25	20	26	25	24	32
AT2G20260.1	1	16	22.8	31.6	25.5	20.1	14.7
AT2G20270.1	1	3	5	6	4	8	6
AT2G20420.1	1	2	1	0	0	2	1
AT2G20690.1	1	0	0	2	0	0	2
AT2G20890.1	1	25	39	29	31	40	24
AT2G21170.1	1	36	38.7	43.9	30	47.8	38.7
AT2G21280.1	1	1	3	2	5	3	2
AT2G21330.3	1	20.7	44.2	37.1	25.9	38.5	36.5
AT2G21370.1	1	1	4	5	1	6	7
AT2G21385.1	1	0	6	6	3	2	3
AT2G21530.1	1	10	12	12	15	13	13
AT2G21960.1	1	12	19	10	10	11	14
AT2G22230.1	1	23.3	36.5	21.2	22.1	25.5	34.9
AT2G22250.1	1	5	8	10	0	5	8
AT2G22360.1	1	0	0	2	0	2	0
AT2G24020.1	1	10	15	14	9	15	13
AT2G24090.1	1	0	2	3	2	2	3
AT2G24270.1	1	2	4	1	0	0	2
AT2G24820.1	1	7	10	7	2	5	6
AT2G25080.1	1	31	35	32	44	36	28
AT2G25840.1	1	5	6	6	6	4	3
AT2G26080.1	1	0	1.7	0	0	1	2.5
AT2G26340.1	1	2	2	5	2	0	3
AT2G26500.1	1	5	2	0	0	3	4
AT2G26900.1	1	1	7	3	5	6	6
AT2G27290.1	1	2	1	4	0	0	0
AT2G27680.1	1	4	10	11	9	9	11
AT2G28000.1	1	74	103	96	71	109	103
AT2G28190.1	1	19	32	27	19	28	32
AT2G28800.1	1	0	2	2	2	0	1
AT2G28900.1	1	13	19	23	13	22	26
AT2G29690.1	1	0	2	4	0	2	3
AT2G30170.1	1	0	0	2	0	5	2
AT2G30200.1	1	9	15	10	15	11	27
AT2G30695.1	1	4	4	3	4	3	5
AT2G30860.1	1	11	9	9	12	12	10
AT2G30870.1	1	0	2	2	0	1	2
AT2G31670.1	1	2	1	3	2	6	3
AT2G33040.1	1	0	1	1	0	0	6
AT2G33150.1	1	0	2	2	2	2	5
AT2G33450.1	1	3	5	6	6	6	9
AT2G33800.1	1	10	19	17	14	15	24
AT2G34460.1	1	16	21	16	18	18	17
AT2G35040.1	1	10	25	16	5	10	20
AT2G35370.1	1	1	2	0	2	0	2
AT2G35410.1	1	6	3	14	10	9	10
AT2G35490.1	1	15	17	17	18	13	15
AT2G36145.1	1	3	2	2	0	2	0
AT2G36160.1	1	1	2	0	1	0	0
AT2G36250.1	1	2	8.9	9.3	1.3	6.3	13.2
AT2G36390.1	1	16.6	14.9	11.3	11.7	16.2	16.7
AT2G36830.1	1	1	2	0	0	3	3
AT2G37220.1	1	5	6	5	3	5	5
AT2G37500.1	1	0	0	1	0	1	2
AT2G37660.1	1	14	34	37	36	32	48
AT2G37690.1	1	2	5	5	2	1	8
AT2G37860.1	1	0	2	2	3	2	1
AT2G38040.1	1	15	11	7	29	6	16
AT2G38270.1	1	0	2	0	1	2	2
AT2G38550.1	1	0	6	1	4	4	1
AT2G39290.1	1	1	3	0	2	3	0
AT2G39470.1	1	17	15	12	15	14	17
AT2G39730.2	1	325	473	445	472	425	552
AT2G39930.1	1	0	3	1	1	4	3
AT2G40300.1	1	4	7	12	5	8	11
AT2G40490.1	1	19	24	29	17	25	34
AT2G41040.1	1	1	1	2	0	2	1
AT2G41220.1	1	21.9	17.3	9.8	19.7	11.1	22.6
AT2G41560.1	1	3	6	0	1	0	2
AT2G41680.1	1	3	3	7	3	6	3
AT2G42130.3	1	4	14	17	10	17	16
AT2G42220.1	1	17	27	23	23	20	15
AT2G42530.1	1	3	4	0	4	1	0
AT2G42600.1	1	0	8	0	0	0	5
AT2G42770.1	1	1	0	1	0	1	2
AT2G43030.1	1	21	35	27	14	21	19
AT2G43090.1	1	6	10	11	11	9	8
AT2G43560.1	1	1	5	11	1	2	11
AT2G43710.1	1	4	8.5	9.5	6	5	12
AT2G43750.1	1	48	88	78	55	59	90
AT2G43945.1	1	0	7	6.8	0	0	0
AT2G44050.1	1	7	8	9	8	10	11
AT2G44350.1	1	0	0	2	1	0	2
AT2G44530.1	1	0	2	1	1	2	0
AT2G44640.1	1	0	2	1	1	0	3
AT2G44650.1	1	8	11	10	7	9	6
AT2G44920.2	1	20	18	25	19	27	23
AT2G45960.1	1	0	2	1	0	0	1
AT2G45990.1	1	0	5	2	3	3	4
AT2G46820.1	1	15	17	10	8	19	19
AT2G47390.1	1	19	33	29	32	21	49
AT2G47450.1	1	0	2	5	0	0	2
AT2G47730.1	1	0	1	2	0	4	0
AT2G47840.1	1	20	17	21	20	18	26
AT2G47910.1	1	0	2	1	0	0	1
AT2G47940.1	1	5	9	6	5	7	7
AT3G01060.1	1	3	6	6	5	8	6
AT3G01120.1	1	1	1	0	0	2	1
AT3G01440.1	1	17	22	28	21	23	17
AT3G01480.1	1	51	48	75	53	46	63
AT3G01500.1	1	70	97.7	128.8	84	146	152.3
AT3G01510.1	1	0	2	2	2	0	1
AT3G01910.1	1	2	0	0	0	0	4
AT3G02090.1	1	2	0	0	0	0	5
AT3G02630.1	1	4	5.5	3.5	6	1	6
AT3G02660.1	1	1	3	4	2	2	4
AT3G02730.1	1	5	7	6	6	6	9
AT3G03710.1	1	20	41	15	30	12	37
AT3G03780.1	1	2.3	4	0	0	2	6.5
AT3G04260.1	1	3	6	3	5	2	4
AT3G04340.1	1	5	1	0	0	0	5
AT3G04550.1	1	2	0	2	4	3	4
AT3G04790.1	1	29	37	38	37	39	34
AT3G04870.1	1	5	14	17	6	8	17
AT3G04920.1	1	1	1	0	2	1	1
AT3G05020.1	1	6	8	7	2	8	10
AT3G05350.1	1	6	8	1	10	5	14
AT3G06350.1	1	4	8	9	4	4	9
AT3G06730.1	1	1	0	3	1	0	5
AT3G06860.1	1	3	0	0	0	0	1
AT3G08580.1	1	6	10	3	10	10	10
AT3G08640.1	1	4	4	3	4	6	3
AT3G08740.1	1	11	14	15	13	12	15
AT3G08840.2	1	4	5	2	1	2	5
AT3G08920.1	1	26	17	15	18	17	14
AT3G08940.2	1	136.7	238.9	228.7	116.8	206.7	202.9
AT3G09580.1	1	8	17	14	10	11	10
AT3G10060.1	1	9	15	17	7	17	13
AT3G10130.1	1	2	3	5	0	4	2
AT3G10350.1	1	1	3	4	3	4	3
AT3G10670.1	1	1	4	5	1	4	6
AT3G10690.1	1	2	1	0	0	0	3
AT3G10920.1	1	0	2	0	0	0	2
AT3G11560.1	1	2	2	0	1	0	0
AT3G11940.1	1	2	2	0	0	0	2
AT3G12345.1	1	5	6	6	6	3	3
AT3G13120.1	1	0	2	4	0	2	4
AT3G13490.1	1	1	0	1	0	3	2
AT3G14110.1	1	7	6	8	8	6	13
AT3G14210.1	1	44	36	52	39	27	27
AT3G14415.1	1	17.1	24.8	30.7	9.4	23.6	35.4
AT3G14420.1	1	30	47.2	42.3	19.6	36.4	47.6
AT3G14930.1	1	5	10	7	4	5	10
AT3G15190.1	1	9	7	3	12	8	8
AT3G15360.1	1	0	7	10	2	14	10
AT3G15520.1	1	8	10	21	3	10	14
AT3G15730.1	1	0	0	0	0	2	2
AT3G15840.1	1	2	1	2	0	0	2
AT3G15900.1	1	2	4	4	1	6	4
AT3G16000.1	1	24	8	8	17	3	5
AT3G16140.1	1	23.2	36.5	86.7	41	66	88.4
AT3G16240.1	1	9	20	19	5	12	22
AT3G16290.1	1	2	1	1	3	0	7
AT3G16470.1	1	5	6	10	5	4	8
AT3G16950.1	1	1.3	1	2.5	1	0	5.5
AT3G17810.1	1	9	13	14	9	10	18
AT3G17930.1	1	3	2	2	1	0	1
AT3G18890.1	1	30	25	12	32	13	17
AT3G19170.1	1	76	124	61	0	0	0
AT3G19480.1	1	7.6	12.5	19	8	7.5	13
AT3G19490.1	1	0	3	2	0	2	4
AT3G20320.1	1	1	1	6	4	3	8
AT3G20330.1	1	9	12	13	6	7	9
AT3G20390.1	1	21	22	23	24	27	27
AT3G22890.1	1	25.5	27.6	29.1	28.6	25.3	31.6
AT3G22960.1	1	9	21	28	5	18	33
AT3G23400.1	1	34	45	52	28	64	86
AT3G23700.1	1	5	4	1	3	4	7
AT3G23940.1	1	6	17	17	5	11	17
AT3G25660.1	1	1	1	2	1	0	2
AT3G25760.1	1	9.5	11.7	12.9	13.9	15.4	9.6
AT3G25770.1	1	5.3	11.6	10.5	11.1	13	11.9
AT3G25860.1	1	15.1	17.5	12.3	8	10	14.8
AT3G25920.1	1	7	10	17	6	12	20
AT3G26060.1	1	19	19	25	16	26	21
AT3G26070.1	1	10	13	14	12.5	8	12
AT3G26520.1	1	8	5	6	7	7	8
AT3G26570.1	1	5	1	3	3	1	0
AT3G26710.1	1	9	16	10	11	10	5
AT3G27740.1	1	2	6	11	4	3	14
AT3G27890.1	1	11	12	9	10	7	6
AT3G27925.1	1	29	31	32	33	23	23
AT3G29185.1	1	0	0	2	0	0	2
AT3G29320.1	1	55	77	43	53	52	75.8
AT3G43300.1	1	5	1	0	1	1	2
AT3G43520.1	1	6	5	3	2	3	3
AT3G43540.1	1	5	5	8	1	0	0
AT3G44310.1	1	3	5	8	2	6	7
AT3G44620.1	1	1	0	2	1	0	0
AT3G44880.1	1	1	0	2	0	1	2
AT3G44890.1	1	25	34	35	32	31	27
AT3G45140.1	1	348	322	223	388	268	281
AT3G46100.1	1	0	1	5	0	3	3
AT3G46740.1	1	8	23	16	9	6	13
AT3G46780.1	1	120	129	80	120	102	96
AT3G47070.1	1	9	13	14	10	21	16
AT3G47470.1	1	229	435	383	237	382	286
AT3G47520.1	1	27.8	36.4	44.8	32	33.3	28.7
AT3G47860.1	1	3	5	4	2	3	8
AT3G48110.1	1	35	57	22	34	31	42
AT3G48420.1	1	0	7	2	8	6	3
AT3G48730.1	1	17.6	25.2	22.6	22.2	21.8	35.9
AT3G49560.1	1	0	1	6	1	4	4
AT3G49680.1	1	0	0	2	0	3	7.5
AT3G50685.1	1	1	2	2	2	3	3
AT3G51140.1	1	4	3	2	1	1	2
AT3G51820.1	1	4	5	5	5	4	7
AT3G52150.1	1	1	11	11	6	8	9
AT3G52180.1	1	5	4	4	7	4	4
AT3G52230.1	1	1	4	4	4	4	3
AT3G52380.1	1	7	17	10	10	8	14
AT3G52750.1	1	2	3.1	3.7	5.7	4.7	5.8
AT3G52960.1	1	28	46	38	45	43	46
AT3G53130.1	1	0	2	3	0	2	3
AT3G53460.1	1	1	0	1	1	2	2
AT3G53470.1	1	2	2	2	4	3	4
AT3G53580.1	1	6	7	11	7	8	9
AT3G53900.1	1	7	10	16	6	15	17
AT3G54050.1	1	73	69	68	82	57	82
AT3G54210.1	1	4	9	11	7	9	10
AT3G54440.1	1	5	4	3	2	2	5
AT3G54640.1	1	1	9	5	7	9	7
AT3G54660.1	1	1	6	7	1	7	8
AT3G54890.1	1	128	130	138	129	136	87
AT3G54900.1	1	2	0	4	4	2	2
AT3G55010.1	1	3	3	3	1	1	0
AT3G55040.1	1	1	3	9	1	3	4
AT3G55330.1	1	7	21	15	13	18	14
AT3G55400.1	1	1	2	5	1	5	0
AT3G55440.1	1	1	3.3	4.1	0	2.2	5.3
AT3G55800.1	1	36	55	52	38	61	64
AT3G56090.1	1	0	0	5	0	1	4.3
AT3G56140.1	1	0	1	4	0	0	0
AT3G56650.1	1	6	18	28	10	15	23
AT3G56690.1	1	3	1	0	2	0	0
AT3G56910.1	1	2	4	3	3	3	2
AT3G56940.1	1	11	17	19	12	9	24
AT3G57050.1	1	1	7	10	11	9	15
AT3G57190.1	1	2	1	0	1	4	1
AT3G57280.1	1	0	2	3	1	4	7
AT3G57560.1	1	6	6	14	11	8	12
AT3G57610.1	1	12	17	18	17	14	17
AT3G58010.1	1	0	7	14	5	10	18
AT3G58140.1	1	16	15	17	18	15	24
AT3G58610.1	1	35	52	55	41	59	70
AT3G59780.1	1	46	53	41	48	34	42
AT3G59840.1	1	0	2	0	0	1	1
AT3G59870.1	1	0	0	2.3	0	5	9
AT3G60370.1	1	1	1	6	2	3	2
AT3G60750.1	1	239.9	308.7	240	360	255	346.9
AT3G61470.1	1	59	129	130	82	119	91
AT3G61870.1	1	15	24	18	13	23	13
AT3G62030.3	1	34	70	164	97	86	86
AT3G63140.1	1	14	24	23	17	17	17
AT3G63190.1	1	7	20	21	14	12	16
AT3G63410.1	1	10	15	19	13	13	18
AT3G63490.1	1	29	36	33	36	37	44
AT3G63540.1	1	14	19	23	12	17	11
AT4G00370.1	1	0	0	0	2	0	2
AT4G00490.1	1	2	8	13	8	11	9
AT4G00630.1	1	20	21.4	7.1	21.6	9.4	19.9
AT4G01050.1	1	54	47	43	41	27	43
AT4G01150.1	1	37	52	44	43	41	49
AT4G01310.1	1	18	40	51	25	34	34
AT4G01690.1	1	19	35	31	21	29	20
AT4G01800.1	1	34	63	17	39	21	62
AT4G01883.1	1	0	0	1	0	2	3
AT4G01900.1	1	13	6	13	7	9	9
AT4G02510.1	1	51	63	44	61	46	59
AT4G02520.1	1	11	12	6	8	11	9
AT4G02530.1	1	21	27	27	26	24	20
AT4G02620.1	1	2	1	2	1	2	4
AT4G02725.1	1	13	5	6	7	6	6
AT4G03280.1	1	58	54	65	38	37	46
AT4G03520.1	1	9	13	15	4	18	9
AT4G04020.1	1	25.2	41.3	27.2	21.1	34.5	35.4
AT4G04350.1	1	12	8	3	8	2	19
AT4G04640.1	1	166	185	197	177	133	173
AT4G04770.1	1	0	3	4	0	5	2
AT4G04850.2	1	2	0	1	0	3	0
AT4G05180.1	1	228.5	258.6	261.1	215.1	239.4	242.3
AT4G08390.3	1	8	17	10	10	16	26
AT4G09000.1	1	0	3	0	0	5	3
AT4G09010.1	1	57	90	81	75	86	93
AT4G09020.1	1	8	9	5	11	2	8
AT4G09040.1	1	0	1	1	1	0	2
AT4G09320.1	1	0	3	2	0	3	5
AT4G09620.1	1	2	4	2	4	4	2
AT4G09650.1	1	113	133	115	146	138	107
AT4G10000.1	1	4	4	3	8	2	3
AT4G10340.1	1	352	475	578	368	409	447
AT4G11960.1	1	1.1	0	3.3	2.3	2.1	2.1
AT4G12060.1	1	8	9	9	7	7	13
AT4G12450.1	1	2	0	0	1	2	0
AT4G12800.1	1	182	161	150	132	132	174
AT4G12830.1	1	2	3	2	2	1	0
AT4G13010.1	1	4	7	5	7	7	7
AT4G13200.1	1	16	11	11	12	9	9
AT4G13430.1	1	7	18	12	12	6	13
AT4G13550.1	1	2	1	1	0	0	1
AT4G14070.1	1	23	29	29	14	19	33
AT4G14210.1	1	2	0	0	0	1	2
AT4G14870.1	1	4	3	0	4	2	5
AT4G14880.1	1	0	0	0	0	0	4
AT4G15510.1	1	10	13	8	10	13	5
AT4G15530.1	1	28	19	26	25	26	23
AT4G16060.1	1	1	1	2	2	2	2
AT4G16155.1	1	6.8	7	7.5	5	1	5.5
AT4G16390.1	1	0	1	0	0	2	5
AT4G17040.1	1	1	3	6	0	3	6
AT4G17300.1	1	3	6	6	3	6	9
AT4G17560.1	1	5.5	6.6	5	4.6	2	6
AT4G17600.1	1	5	8	3	7	0	6
AT4G18240.1	1	6	2	2	7	2	7
AT4G18440.1	1	8	19	17	12	16	27
AT4G18810.1	1	0	5	4	3	6	3
AT4G19100.1	1	0	3	5	1	1	4
AT4G19170.1	1	15	17	15	17	12	11
AT4G19710.2	1	2	3.4	0	0	0	0
AT4G20260.1	1	2	2	2	2	2	2
AT4G20360.1	1	219	251	264	237	238	348
AT4G20850.1	1	30	30	16	28	20	44
AT4G21280.1	1	250.5	319.4	324.9	226.9	264.6	240.7
AT4G21445.1	1	3	4	3	4	7	3
AT4G22160.1	1	2	4	0	3	2	2
AT4G22240.1	1	13.8	28.7	21.8	17.9	14.5	24.6
AT4G22890.1	1	38.9	57	50.8	30.7	36.9	45.9
AT4G22930.1	1	2	3	2	1	5	4
AT4G23100.1	1	10	17	14	6	12	21
AT4G23670.1	1	2	4	3	2	2	4
AT4G23890.1	1	2	3	1	3	0	1
AT4G23940.1	1	4	1	4	4	0	5
AT4G24280.1	1	88.8	83.3	71.7	72.2	66.9	83.6
AT4G24620.1	1	10	38	38	10	47	38
AT4G24750.1	1	2	5	3	1	0	3
AT4G24770.1	1	5	11	8	11	16	16
AT4G24830.1	1	16	12	13	11	8	17
AT4G24930.1	1	9	11	8	8	9	7
AT4G25050.1	1	4	7	5	3	4	7
AT4G25080.1	1	7	10	11	6	6	10
AT4G25100.1	1	9	19	11	6	10	11
AT4G25370.1	1	1	3	6	6	1	1
AT4G25450.1	1	7	12	12	6	12	19
AT4G26300.1	1	2	4	3	3	0	4
AT4G26500.1	1	1	2	4	2	1	4
AT4G26555.1	1	2	4	5	1	1	2
AT4G26690.1	1	2	0	0	0	0	3.5
AT4G26900.1	1	3	4	4	2	2	9
AT4G26970.1	1	1.2	0	3.5	0	0	3.2
AT4G27440.1	1	23	29.5	33.3	37	41.5	36.2
AT4G27700.1	1	12	23	30	14	20	23
AT4G27800.1	1	2	1	5	3	1	1
AT4G28025.1	1	6	6	4	4	3	4
AT4G28660.1	1	2	3	4	2	4	5
AT4G28706.1	1	1	2	2	0	2	2
AT4G28740.1	1	1	4	1	0	0	0
AT4G28750.1	1	30	53.2	51.4	35.5	38.9	53.3
AT4G29010.1	1	0	3	2	0	0	0
AT4G29060.1	1	69	92	31	74	45	71
AT4G29350.1	1	2	4	2	0	2	1
AT4G29670.1	1	0	0	0	3	0	3
AT4G29840.1	1	3	11	7	3	8	13
AT4G30620.1	1	4	3	5	6	2	2
AT4G30910.1	1	7	2	2.9	6.6	5	3.8
AT4G30920.1	1	10	5	10.1	5.4	13	12.8
AT4G31390.1	1	6	4	3	4	3	2
AT4G31530.1	1	0	2	5	4	4	7
AT4G31990.1	1	45	47	60	49	45	72
AT4G32260.1	1	47	47	50	47	57	36
AT4G32470.1	1	0	3	2	0	3	3
AT4G32520.1	1	0	5	1	0	2	1
AT4G32770.1	1	6	1	3	4	1	6
AT4G33010.1	1	0	8.3	2	0	4	7.5
AT4G33030.1	1	0	0	2	0	0	2
AT4G33350.1	1	1	4	5	3	6	2
AT4G33500.1	1	4	11	4	13	8	12
AT4G33510.1	1	7	6	5	2	6	7
AT4G33680.1	1	22	28	31	30	28	32
AT4G33760.1	1	2	5	2	3	1	11
AT4G34090.1	1	3	3	5	4	3	1
AT4G34120.1	1	7	8	7	6	13	8
AT4G34200.1	1	28	30.5	42.8	20	27.4	44
AT4G34240.1	1	0	3	1	0	0	0
AT4G34620.1	1	11	18	22	11	13	15
AT4G34740.1	1	1	1	4	1	0	2
AT4G34830.1	1	2	0	0	3	0	0
AT4G35000.1	1	0	4	0	0	0	3
AT4G35090.1	1	2.2	4.6	3.3	1.1	1.2	9.2
AT4G35250.1	1	21	28	24	23	29	22
AT4G35630.1	1	21.9	16.4	13	8	12.6	14.3
AT4G35760.1	1	2	1	2	2	0	2
AT4G36530.1	1	0	2	5	2	1	2
AT4G36810.1	1	3	2	1	1	0	0
AT4G37000.1	1	9	15	7	13	10	18
AT4G37200.1	1	2	2	1	2	1	2
AT4G37270.1	1	1	1	2	4	2	2
AT4G37925.1	1	1	4	3	3	0	4
AT4G38100.1	1	1	0	1	1	0	1
AT4G38970.1	1	73.1	144.8	174.9	94.1	143.2	180.5
AT4G39260.1	1	2	0	4	0	0	4
AT4G39460.1	1	0	3	3	0	2	2
AT4G39710.1	1	14	12	13	11	13	12
AT4G39960.1	1	0	0	2	0	1	1
AT4G39970.1	1	2	5	5	2	5	5
AT5G01530.1	1	241.3	286.2	243.3	207.2	177.3	205.1
AT5G01590.1	1	2	1	2	0	0	2
AT5G01600.1	1	10	14	15	13	13	17.7
AT5G01650.1	1	0	2	1	4	6	2
AT5G01920.1	1	4	6	7	4	2	2
AT5G02160.1	1	9	11	11	2	15	13
AT5G02940.1	1	13	15	12	20	7	23
AT5G03650.1	1	6.4	11.1	4.7	7.3	12.8	13.3
AT5G03880.1	1	14	24	19	15	14	21
AT5G03940.1	1	7	13	7	3	3	13
AT5G04140.1	1	240.1	445.7	239.2	301.3	332.9	468.4
AT5G04360.1	1	2	4	1	2	2	10
AT5G04590.1	1	26	28	34	22	29	41
AT5G04740.1	1	0	6	2	6	9	10
AT5G04900.1	1	0	1	3	0	2	2
AT5G05000.1	1	3	3	2	2	4	7
AT5G05200.1	1	6	1	1	1	0	0
AT5G05740.1	1	11	8	14	13	5	11
AT5G07020.1	1	7	5	7	3	7	12
AT5G08050.1	1	9	8	8	8	9	10
AT5G08280.1	1	18	23	24	25	20	22
AT5G08410.1	1	2	4	5	5	6	6
AT5G08650.1	1	0	2	1	1	1	3
AT5G08740.1	1	2	4	2	0	0	2
AT5G09650.1	1	13	28	20	14	25	36
AT5G09660.1	1	15	33	29	18	22	39
AT5G09810.1	1	0	4	2.3	0	1.3	4
AT5G10160.1	1	33.7	45.5	29.8	39.9	20.5	38.1
AT5G10920.1	1	5	5	7	4	3	2
AT5G11450.1	1	2	4	1	3	3	2
AT5G11880.1	1	4.5	1	13	2.5	3	11
AT5G12040.1	1	3	3	2	2	3	4
AT5G12470.1	1	19	21	19	18	25	18
AT5G12860.1	1	7	4	7	10	4	12
AT5G13030.1	1	0	1	1	2	1	2
AT5G13120.1	1	13	17	23	11	24	19
AT5G13410.1	1	2	7	15	5	4	13
AT5G13420.1	1	11	12	13	10	9	10
AT5G13510.1	1	19	27	29	19	37	26
AT5G13630.1	1	18	37	4	12	1	12
AT5G13650.1	1	0	3	4	0	1	6
AT5G14200.1	1	26.1	34.9	30.1	31.3	30.2	36.5
AT5G14220.1	1	0	1	1	2	4	0
AT5G14260.1	1	11	9	12	10	13	16
AT5G14320.2	1	18	34	32	28	35	33
AT5G14590.1	1	3	3	6	2	1	8
AT5G14660.1	1	0	1	2	2	2	3
AT5G14740.2	1	2	9.3	5.2	1	4	8.7
AT5G14780.1	1	12	10	9	4	6	11
AT5G14910.1	1	14	22	18	18	17	21
AT5G15450.1	1	16	5	11	23	10	21
AT5G15970.1	1	0	3	4	0	1	2
AT5G16150.1	1	2	9	12	4	13	4
AT5G16390.1	1	3	5	6	0	3	5
AT5G16400.1	1	2	2	1	2	1	0
AT5G16620.1	1	6	10	9	10	7	13
AT5G16660.1	1	8	18	13	7	16	16
AT5G16710.1	1	16	26	24	19	30	17
AT5G16715.1	1	5	6	6	7	7	15
AT5G17170.1	1	16	19	41	21	22	25
AT5G17530.1	1	2	7	8	5	8	8
AT5G17560.1	1	1	1	1	0	0	1
AT5G17710.1	1	8	8	13	11	18	12
AT5G17920.1	1	33.7	25	24	29	17	32.5
AT5G17990.1	1	7	4	10	7	8	6
AT5G18660.1	1	9	19	17	8	17	15
AT5G19220.1	1	26	38	27	30	24	50
AT5G19620.1	1	0	0	1	1	3	3
AT5G19750.1	1	0	0	2	0	2	0
AT5G19855.1	1	0	2	0	0	2	1
AT5G19940.1	1	11	14	19	15	15	15
AT5G20140.1	1	2	4	4	2	3	1
AT5G20250.1	1	0	0	0	0	4	4
AT5G20720.1	1	24	46	56	31	49	54
AT5G21430.1	1	7	7	18	6	12	13
AT5G22510.1	1	0	1	2	0	1	2
AT5G22580.1	1	0	5	3	0	4	4
AT5G22640.1	1	4	3	2	2	2	5
AT5G22800.1	1	31	65	28	39	42	49
AT5G23010.1	1	0	1	1	2	3	2
AT5G23060.1	1	76	71	71	64	60	69
AT5G23120.1	1	49	53	62	42	56	66
AT5G23310.1	1	0	2	1	0	0	1
AT5G23890.1	1	11	13	3	7	4	13
AT5G24020.1	1	0	1	2	0	0	1
AT5G24300.1	1	3	7	12	3	9	7
AT5G24490.1	1	2	2	3	2	3	5
AT5G24690.1	1	2	2	2	3	0	2
AT5G25980.2	1	6	7	2	2	2	0
AT5G26000.1	1	6	6	1	1	2	11
AT5G26570.1	1	45	63	27	44	31	46
AT5G26742.1	1	13	9	8	19	9	8
AT5G27290.1	1	2	1	1	1	0	3
AT5G27390.1	1	0	0	2	1	0	3
AT5G28500.1	1	3	4	4	4	6	5
AT5G30510.1	1	18	26	32	17	21	33
AT5G33320.1	1	9	12	11	12	7	12
AT5G35100.1	1	7	9	5	8	8	7
AT5G35170.1	1	18	47	31	24	32	33
AT5G35360.1	1	21	40	24	19	28	34
AT5G35570.1	1	0	1	0	6	0	0
AT5G35630.1	1	72	112.9	134	135	98.9	175
AT5G35790.1	1	3	10	7	0	4	2
AT5G35970.1	1	14	14	8	12	7	19
AT5G36120.1	1	1	3	2	0	2	0
AT5G36210.1	1	0	4	0	0	0	0
AT5G36880.1	1	16	15	16	13	7	18
AT5G37360.1	1	12	19	16	14	17	12
AT5G38430.1	1	50.8	79.3	94.3	77.5	98.8	92.1
AT5G38520.1	1	6	9	6	5	5	7
AT5G38660.1	1	13	19	26	14	24	22
AT5G39830.1	1	0	0	5	0	0	1
AT5G40450.1	1	9	12	4	2	12	9
AT5G40950.1	1	16	16	20	16	15	15
AT5G41670.1	1	6	18.1	14	13.2	8.1	20.1
AT5G42130.1	1	0	5	8	0	3	6
AT5G42390.1	1	14	25	8	27	6	18
AT5G42480.1	1	3	4	3	3	1	2
AT5G42650.1	1	103	90	96	89	109	107
AT5G42765.1	1	10	14	8	17	13	10
AT5G42960.1	1	0	4	6	2	2	3
AT5G42980.1	1	2	4	0	2	0	2
AT5G43750.1	1	2	6	9	5	7	6
AT5G43780.1	1	5.5	3.5	4.9	2.4	3.7	8.4
AT5G43940.1	1	0	3	0	0	0	3
AT5G44650.1	1	4	3	0	4	1	2
AT5G45170.1	1	2	3	4	3	2	5
AT5G45390.1	1	13	29	36	23	34	37
AT5G45680.1	1	2	4	11	2	7	11
AT5G46110.1	1	22	33	35	32	31	35
AT5G46290.1	1	14	9	29	16	13	26
AT5G47110.1	1	0	5	2	0	3	4
AT5G47190.1	1	5.5	5.4	17	7.4	7	13
AT5G47690.1	1	3	1	0	0	0	0
AT5G47840.1	1	2	4	4	5	6	5
AT5G47860.1	1	0	2	2	0	1	3
AT5G48220.1	1	0	1	1	0	0	2
AT5G48300.1	1	21	12	22	23	11	27
AT5G48790.1	1	7	10	8	11	11	11
AT5G48960.1	1	5	5	8	2	8	10
AT5G49030.1	1	11	35	16	17	8	26
AT5G49910.1	1	44.2	51.7	32.3	46.8	26.1	53.5
AT5G50250.1	1	2	10	7	6	6	7
AT5G51010.1	1	2	2	2	0	2	3
AT5G51070.1	1	3.1	6.5	7.5	11.5	7.5	13.1
AT5G51100.1	1	1	6	3	6	6	5
AT5G51545.1	1	0	3	2	1	3	4
AT5G51720.1	1	5	8	7	6	10	9
AT5G51820.1	1	21	32	34	25	31	32
AT5G52440.1	1	1	2	3	0	1	1
AT5G52520.1	1	1	2	3	0	6	0
AT5G52920.1	1	7	10	9	3	7	11
AT5G52970.1	1	1	3	2	2	4	1
AT5G53460.1	1	92	122	59	125	77	112
AT5G53490.1	1	12	26	33	13	24	22
AT5G53580.1	1	1	1	2	1	0	5
AT5G54270.1	1	130.2	205.2	201.9	182.8	179	201.4
AT5G54600.1	1	6	7	10	8	14	10
AT5G54770.1	1	6	10	13	8	7	23
AT5G54810.1	1	8	6	8	5.5	9	13
AT5G55220.1	1	9	15	11	11	15	14
AT5G55280.1	1	4	9	5	1	7	9
AT5G55710.1	1	2	4	2	2	3	4
AT5G56730.1	1	1	2	2	1	2	3
AT5G57040.1	1	0	0	2	2	0	2
AT5G57850.1	1	6	11	18	8	12	21
AT5G58250.1	1	8	5	10	6	11	10
AT5G58260.1	1	15	10	12	11	12	13
AT5G58330.1	1	20	32	33	32	28	39
AT5G59250.1	1	10	9	10	5	9	5
AT5G59880.1	1	1	0	2	1	0	2
AT5G60600.1	1	24	42	28	25	32	42
AT5G61410.1	1	8	20	20	12	14	22
AT5G62720.1	1	1	7	3	1	4	8
AT5G62790.1	1	7	23	20	13	18	23
AT5G63310.1	1	17	21	20	13	21	19
AT5G63420.1	1	22	32	5	24	14	17
AT5G63570.1	1	22.4	30.8	33.4	23.8	23.2	37.1
AT5G63890.1	1	8	9	6	5	9	8
AT5G64040.1	1	28	54	28	23	42	31
AT5G64050.1	1	0	3	0	2	5	0
AT5G64290.1	1	6	6	4	6	5	4
AT5G64580.1	1	0	0	1	1	1	2
AT5G64860.1	1	5	17	13	11	7	9
AT5G64940.1	1	5	11	7	17	5	9
AT5G65220.1	1	9	18	12	12	17	7
AT5G65620.1	1	17	24	25	31	19	26
AT5G65780.1	1	2	2	3	1	0	4.5
AT5G65840.1	1	0	0	2	0	0	2
AT5G66090.1	1	8	5	4	9	6	5
AT5G66120.2	1	6	13	11	5	4	11
AT5G66190.1	1	78.7	73.9	83.7	59.2	66.3	95.2
AT5G66530.1	1	5	4	8	4	11	11
AT5G67030.1	1	8	20	11	11	6	19
ATCG00020.1	1	199	214	188	189	190	228
ATCG00120.1	1	800	765	665	679	662	669.9
ATCG00130.1	1	113	121	146	123	141	108
ATCG00140.1	1	17	37	46	4	30	49
ATCG00150.1	1	9	24	3	16	26	14
ATCG00160.1	1	2	5	6	3	4	13
ATCG00170.1	1	10	13	10	19	16	34
ATCG00180.1	1	2	3	3	2	2	5
ATCG00190.1	1	10	11	4	10	5	11
ATCG00270.1	1	521	658	582	485	524	593
ATCG00280.1	1	442	639	675	376	486	644
ATCG00330.1	1	5	7	11	4	12	8
ATCG00340.1	1	452	415.4	355	328	314	334.9
ATCG00350.1	1	255	262	202	223	171	238
ATCG00380.1	1	7	19	25	14	30	24
ATCG00420.1	1	12	14	17	14	10	18
ATCG00430.1	1	2	1	5	2	0	4
ATCG00470.1	1	96	113	109	119	125	93
ATCG00480.1	1	943.9	1025.8	836.9	717	814.9	849.8
ATCG00490.1	1	1311	1308	1505	1251	1245	1582
ATCG00500.1	1	14	12	10	7	3	10
ATCG00520.1	1	1	4	5	2	4	4
ATCG00540.1	1	113	173	93	153	106	118
ATCG00560.1	1	0	2	2	2	2	2
ATCG00580.1	1	120	89	89	84	80	90
ATCG00630.1	1	1	2	1	1	2	1
ATCG00650.1	1	5	7	7	5	1	4
ATCG00660.1	1	11	12	11	11	14	12
ATCG00670.1	1	1	9	7	6	9	11
ATCG00680.1	1	796	844	888	755	725	871
ATCG00710.1	1	6	6	6	6	9	8
ATCG00720.1	1	135	126	109	118	99	61
ATCG00730.1	1	7	14	5	6	12	12
ATCG00750.1	1	11	11	11	13	10	9
ATCG00770.1	1	18	34	39	36	30	34
ATCG00780.1	1	17	27	14	19	29	24
ATCG00790.1	1	10	10	11	6	13	10
ATCG00800.1	1	4	14	21	12	14	17
ATCG00810.1	1	8	14	10	1	8	11
ATCG00820.1	1	5	6	5	4	7	6
ATCG01010.1	1	3	2	2	1	0	3
ATCG01060.1	1	7	21	11	5	15	7
ATCG01090.1	1	10	6	12	8	10	6
ATCG01100.1	1	5	7	10	7	7	10
ATCG01110.1	1	30	35	34	29	27	38
ATCG01120.1	1	5	16	12	9	18	17
ATCG01130.1	1	86	92	48	103	29	70
sum1	1	10.4	12.8	11.2	3.2	11.2	6.4
sum11	1	6.9	2.1	0	3.9	0	9
sum12	1	9.3	12.3	8.1	0.9	6	17.4
sum14	1	0	0	4	0	5	0
sum15	1	1.2	4.6	3.2	0	4.8	3.2
sum16	1	4	0	4.6	0	2.6	4
sum20	1	4	7	9	7	3	6
sum21	1	9	12	7	11	16	11
sum22	1	0	10	4	0	8	8
sum23	1	117	178	187	78	163	132
sum24	1	21	39	41	42	47	43.8
sum25	1	4	9	8	4	9	13
sum26	1	19	26	18	14	21	21
sum28	1	73.4	131	120	69.6	162.2	146
sum29	1	9	12	9	10	14	20
sum31	1	12	14	6	6	0	9.1
sum32	1	43	55	55	34	28	52
sum33	1	266.3	359.8	429.9	296	314.9	434.1
sum34	1	3	4	0	0	2	9
sum36	1	0	0	3	0	4	4
sum37	1	0	5	0	0	3	0
sum38	1	29	57	31	51	18	41
sum39	1	3	2	0	0	3	0
sum43	1	76	78	40	28	63	104
sum45	1	74	162	100	96.9	106.1	130
sum46	1	0	5	4	4	3	4
sum47	1	71	93	82	71	77	78
sum48	1	122.9	134.5	105.5	137.5	105.6	132
sum49	1	152	167.1	109	127	108	123
sum5	1	7.2	5.2	6	0	0	11.2
sum50	1	148	157	113	103	99	125
sum52	1	225	328	309	236	345	341
sum53	1	374	513.5	507	543	484	606.6
sum6	1	416.4	716.2	769.3	448.6	602.2	680.1
sum7	1	178.6	355.8	309.8	225.1	276.6	344.1
