Protein	Length	0	0	0	1	1	1
sum1	1	4.8	0	0	7.2	6	7.2
sum11	1	0	3.9	3.9	6	3.3	3.9
sum14	1	0	0	0	3	3.9	0
sum15	1	0	0	0	5.1	7	3
sum16	1	6.9	9.9	6	16	5	3.9
sum17	1	0	3	0	4	0	0
sum18	1	11.1	13	8	24	18	13
sum20	1	16.1	14.7	18.2	16.1	15.6	17.7
sum21	1	0	0	0	0	0	3.8
sum22	1	3	0	0	7	9	3
sum24	1	0	0	0	2	6	0
sum27	1	26	14	18	33	53	46
sum28	1	14	12	13	0	0	0
sum29	1	2	0	0	3	0	4
sum3	1	0	0	0	7.2	3	1.2
sum30	1	4	0	0	5	3.8	4
sum31	1	118	78	110	103	62	79
sum32	1	3	5	3	4	0	0
sum34	1	225.8	218.4	347.4	278.8	231.2	414.6
sum35	1	0	0	0	4.2	3.8	0
sum37	1	33	22	21	36	27	20
sum39	1	0	0	0	0	5	0
sum40	1	0	0	0	0	6	5
sum42	1	52	35	8	20	11	8
sum43	1	3	0	0	3	0	0
sum44	1	850	874	811.4	420.6	459.4	591.2
sum45	1	0	0	0	0	0	0
sum48	1	0	0	0	0	6	0
sum49	1	3	3	2	10	11	7
sum50	1	0	9	0	0	8	0
sum52	1	0	0	0	0	3	0
sum53	1	5	6	2	8	2	4
sum54	1	5	0	7	31	19	11
sum57	1	246.1	296.8	296.6	127.6	107.3	187.4
sum58	1	297.8	243.8	202	270.8	234.6	268
sum59	1	269	334	327	212	131.1	154
sum6	1	0	0	0	0	10	0
sum60	1	26	36	44	17	24	37
sum61	1	0	3	0	6	9	0
sum62	1	194	163	183	164	115	186
sum63	1	23	35	22	22	29	36
sum64	1	18	17	22	29.1	31	26
sum65	1	19	29	27	23	20	18.1
sum67	1	718	675	701	728	428	669
sum68	1	617	486	506.5	565.9	525	708
sum7	1	0	0	0	11.2	3.2	0
sum8	1	0	0	0	6	0	0
sum9	1	5.7	5.4	0	0	6.9	0
sum13	1	3.9	3.9	0	8.1	12	3.9
sum25	1	5	5	0	5	10	0
AT4G38740.1	1	0	0	0	4	1.5	0
AT4G27440.1	1	11	6	0	2	8	2
AT2G42600.1	1	10	15	22	22	19	43
AT2G41840.1	1	0	0	0	3	0.3	0
AT4G02520.1	1	0	2.3	3	12	9	3
AT5G50250.1	1	7	7	2	10	2	9
AT2G36390.1	1	36	26	26	30	13	25.4
AT4G09000.1	1	6.4	10	9.8	10.5	8.8	9.4
AT1G22300.1	1	2	0	0	4.2	3	3.2
AT5G65430.1	1	0	0	0	3.6	3.9	5.6
AT5G10450.1	1	0	0	0	4.8	7.8	1.9
AT2G42590.1	1	3	0	5	4.2	2	3.2
AT1G78300.1	1	2.6	2	3.3	3	0	1.9
AT1G35160.1	1	0	0	0	0	0	3.8
AT5G38480.1	1	5	1	4	9.5	3.8	9
AT5G62790.1	1	24	30	23	24	23	28
AT4G15560.1	1	0	0	0	0	2	2
AT4G34350.1	1	0	5	1	7	3	2
AT1G63970.1	1	21	15	13	17	15	12
AT4G33510.1	1	0	0	2	0	0	1
AT5G23010.1	1	0	2	2	0	2	8
AT2G25450.1	1	0	1	1	0	2	2
AT5G64300.1	1	0	4	4	2	6	12.4
AT5G18660.1	1	4	2	0	3	0	2
AT5G30510.1	1	44	57	43	48	43	35
AT3G13120.1	1	5	10	11	6	9	7
ATCG00750.1	1	9	3	6	13	7	4
AT5G14320.1	1	12	15	25	28	21	28
ATCG00330.1	1	9	10	9	6	10	14
ATCG01120.1	1	6	17	5	8	7	13
AT4G34620.1	1	21	9	6	34	26	29
AT1G79850.1	1	12	1	2	11	6	12
ATCG00650.1	1	2	0	0	2	3	2
ATCG00820.1	1	5	4	5	11	3	8
ATCG00160.1	1	26	23	18	19	25	24
AT3G15190.1	1	34	23	24	39	37	23
AT3G27160.1	1	6	1	2	8	1	0
ATCG00800.1	1	42	37	34	33	27	34
ATCG00380.1	1	29	42	18	28	39	34
AT2G33800.1	1	26	24	20	27	33	28
AT1G64510.1	1	13	8	5	16	10	12
ATCG00770.1	1	19	21	15	48	38	23
AT1G74970.1	1	57	18	15	21	18	24
AT3G03710.1	1	44	44	34	35	29	37
AT2G37660.1	1	81	92	84	88	56	52
AT5G66120.2	1	5	5	5	8	1	2
AT1G31180.1	1	18.7	12.6	15.3	19.6	10.9	22.2
AT1G80560.1	1	14.9	18.5	14.3	26	11.2	16.7
AT5G14200.1	1	21.3	28.9	18.5	48.4	32.9	56.1
AT3G58990.1	1	0	0	0	0	1.6	2.3
AT1G62640.1	1	14	14	10	9	12	11
AT1G18640.2	1	13	2	9	11	8	10
AT2G45300.1	1	3	8	6	4	0	10
AT2G26930.1	1	2	0	0	1	2	2
AT3G11940.1	1	1	4	2	2	7	4
AT2G36160.1	1	0	0	0	2	3	0
AT3G11510.1	1	0	0	0	0	3	4
AT2G09990.1	1	3	0	2	2.7	2	0
AT5G18380.1	1	3	0	0	5.3	0	0
AT3G02080.1	1	0	0	0	2.5	3	0
AT3G47370.1	1	0	0	0	0	5.1	0
AT3G04920.1	1	0	0	0	3	6	0
AT5G28060.1	1	0	0	0	0	3	0
AT2G37270.1	1	4	0	0	0	0	0
AT4G31700.1	1	0	0	0	2	2	0
AT1G48830.1	1	0	1	0	0	4	0
AT5G20290.1	1	5	2	1	10	7	0
AT5G15200.1	1	2	4	5	4	6	0
AT1G72370.1	1	0	0	0	0	8	1
AT2G02500.1	1	7	8	12	9	6	7
AT5G60600.1	1	49	43	35	55	48	49
AT3G63490.1	1	58	43	34	64	61	58
AT5G13510.1	1	36	45	35	32	31	20
AT1G32990.1	1	37	19	24	35	21	10
AT1G78630.1	1	41	52	45	37	30	35
ATCG00780.1	1	14	11	18	18	15	14
AT3G25920.1	1	14	17	13	16	23	18
ATCG00790.1	1	15	11	7	12	13	8
AT3G54210.1	1	9	7	10	20	16	11
AT1G48350.1	1	14	19	10	12	14	9
AT5G47190.1	1	28.8	32.1	17.9	28.5	25.5	19.8
AT4G17560.1	1	8.2	7.9	8.1	9.5	8.5	5.2
ATCG00660.1	1	2	0	0	8	4	6
AT1G35680.1	1	22	29	27	23	23	14
ATCG00810.1	1	23	7	5	23	21	10
AT5G54600.1	1	26	14	27	39	30	30
AT5G40950.1	1	21	18	15	16	19	18
AT2G33450.1	1	1	0	0	4	4	4
AT5G65220.1	1	25	20	21	25	34	14
AT2G43030.1	1	40	35	22	35	39	24
AT1G75350.1	1	6	8	3	6	4	7
AT2G24090.1	1	1	2	0	4	0	2
AT1G07320.1	1	40	22	21	32	26	18
AT4G01310.1	1	46	32	23	46	56	37
AT1G05190.1	1	41	45	59	44	60	34
AT3G44890.1	1	49	34	24	44	41	28
AT1G62180.1	1	0	0	0	0	0	0
AT5G66720.1	1	8	1	7	0	0	0
AT1G48860.1	1	3	2	3	5	5	0
AT5G17920.1	1	35.4	52.2	60.6	68.6	50.9	46.7
AT5G20980.1	1	0	0	0	0	0	0
AT5G48960.1	1	7	7	6	14	4	13
AT2G44050.1	1	5	4	4	13	19	20
AT3G09200.1	1	3	1	0	5	0	0
AT2G27720.1	1	0	0	0	0	3	0
AT2G27710.1	1	0	0	0	0	2	0
AT3G05560.1	1	0	0	0	0	4	0
AT2G19730.1	1	6	0	0	10	8	0
AT2G01250.1	1	0	0	0	0	0	0
AT1G52400.1	1	1	0	0	0	0	2
AT4G29120.1	1	2	2	2	2	2	2
AT1G64190.1	1	0	2.6	0	1.5	4.6	4.5
AT5G41670.1	1	13	10.4	5	13.5	6.4	13.5
AT5G24400.1	1	12	6	8	15	0	1
AT3G24190.1	1	58	48	59	55	57	61
AT1G13930.1	1	5	3	1	6	6	3
AT3G48560.1	1	4	9	8	0	5	10
AT5G16290.1	1	0	0	0	0	1	2
AT2G31810.1	1	0	2	0	3	1	0
AT5G36880.1	1	15	18	12	26	12	27
AT1G80600.1	1	19	15	23	20	10	12
AT4G35830.1	1	7.3	1.3	0	5.1	3.1	0
AT4G26970.1	1	5.4	2.2	4.4	11.1	6.6	3.5
AT2G05710.1	1	38.3	34.5	31.6	31.8	20.2	27.5
AT5G04740.1	1	16	14	11	22	19	26
AT5G09810.1	1	0	0	0	0	0	1.3
AT5G59880.1	1	2	3	4	4	3	5
AT3G46000.1	1	0	0	0	1	0	0
AT1G73110.1	1	4	4	3	8	3	7
AT4G25050.1	1	9	7	4	5	4	3
AT3G05020.1	1	5	2	2	3	2	3
AT1G54630.1	1	7	7	4	5	9.5	7
AT1G54580.1	1	3	5	5	4	6.5	5
AT2G43710.1	1	8	8.2	10.5	10.8	12	7.5
AT3G02630.1	1	9	13.8	9.5	16.2	7	6.5
AT4G34450.1	1	2	3	1	4	0	3
AT1G27450.1	1	10	10	12	14	10	15
AT2G14750.1	1	0	0	0	1	0	2
AT5G35170.1	1	7	4	4	3	6	11
AT5G47840.1	1	10	9	9	12	13	13
AT4G18440.1	1	13	14	9	18	17	13.8
AT3G57610.1	1	18	21	11	18	14	17
AT5G48300.1	1	21	20	20	33	15	30
AT5G19220.1	1	30	36	25	45	40	36
AT3G07630.1	1	0	0	0	0	2	3
AT2G35040.1	1	34	31	40	20	25	35
AT1G50200.1	1	0	0	1	4	0	1
AT1G11930.1	1	1	1	0	2	0	1
AT2G13360.1	1	18	11	13	32	22	15
AT5G22800.1	1	77	72	79	59	64	94
AT1G06690.1	1	0	4	0	0	3	0
AT2G27680.1	1	34	32	40	26	17	24
AT1G04420.1	1	37	29	30	40	21	27
AT2G36460.1	1	0	0	0	0	0	0
AT5G66530.1	1	26	21	26	30	11	13
AT5G20250.4	1	34	32	19	56	31	27
AT5G22510.1	1	6	9	10	7	5	8
AT3G25760.1	1	3.7	14.2	8	7.1	8.2	4
AT3G25770.1	1	16.3	27.1	22.3	16.9	19.7	14.2
AT1G13280.1	1	15	17.7	13.7	12	9.1	9.8
AT1G69830.1	1	19	27	16	45	34	37
AT1G57770.1	1	0	0	0	0	2	9
AT2G28900.1	1	1	0	0	0	1	0
AT5G57850.1	1	18	16	23	15	19	25
AT4G33680.1	1	43	38	36	54	34	36
AT3G10350.1	1	3	3	3	12	3	5
AT1G35720.1	1	1	1	0	4	1	0
AT1G70570.1	1	5	7	3	3	4	10
AT5G17990.1	1	11	7	7	11	7	5
AT2G29690.1	1	2	1	0	0	5	5.9
AT5G05730.1	1	0	0	2	0	3	7.1
AT4G26370.1	1	0	3	0	0	0	0
AT5G10920.1	1	6	3	3	5	3	8
AT4G24830.1	1	15	6	10	26	19	29
AT4G26300.1	1	9	10	15	1	10	19
AT5G27970.1	1	0	0	0	1	0	2
AT1G23180.1	1	1	0	0	7	0	1
AT4G32320.1	1	0	1	1	1	0	0
AT3G47340.1	1	0	0	0	3	0	0
AT5G65010.1	1	0	1	1	0	1	3
AT2G22250.1	1	4	4	4	5	5	7
AT4G31990.1	1	53	43	39	88	37	44
AT1G31230.1	1	14.9	16.2	18.8	31.4	13.5	34.8
AT4G19710.2	1	9.1	5.8	7.2	23.6	7.5	14.2
AT3G18680.1	1	0	0	0	0	0	2
AT1G14810.1	1	38	33	42	26	27	34
AT4G17300.1	1	11	14	17	4	8	19
AT3G08010.1	1	1	0	0	3	0	0
AT4G34740.1	1	0	0	0	0	0	3
AT1G08490.1	1	3	1	1	5	0	1
AT5G45680.1	1	6	3	10	7	3	12
AT1G66200.1	1	2	2	0	3	1	1
AT4G04770.1	1	6	9	12	6	7	12
AT3G10670.1	1	14	8	15	21	14	14
AT2G41680.1	1	16	22	27	12	8	21
AT5G18570.1	1	0	0	0	0	0	0
AT1G58080.1	1	5.9	4.5	4.7	3.8	6	3
AT1G09795.1	1	11.1	9.5	8.3	11.3	10	8
AT1G75460.1	1	0	0	0	0	1	3.3
AT2G41530.1	1	0	0	0	1	2	1
AT4G26160.1	1	0	0	0	2	0	0
AT4G29670.1	1	15	9	17	16	8	9
AT5G19140.1	1	0	0	0	0	2	2
AT4G33580.1	1	4	5	2	3	2	5
AT1G23730.1	1	0	0	0	1	2	5
AT1G74960.1	1	5	2	3	8	10	6
AT4G00490.1	1	13	8	18	4	3	14
AT3G54440.1	1	2	0	0	0	1	1
AT3G09260.1	1	65	132	74	42	52	65
AT2G22230.1	1	0	5.7	10.3	11.2	10	8
AT5G10160.1	1	0	1.3	2.7	1.8	0	0
AT5G16390.1	1	17	16	7	17	15	17
AT1G52670.1	1	8	9	6	10	3	10
AT3G56130.1	1	4	8	5	8	4	4
AT5G35360.1	1	31	19	24	39	32	35
AT5G17560.1	1	3	1	1	4	1	4
AT3G57180.1	1	0	0	0	1	1	0
AT5G65780.1	1	4.4	6	0	5	4.5	0
AT3G49680.1	1	11.6	10	15	15	14.5	6
AT3G47650.1	1	0	1	3	2	2	2
AT3G27740.1	1	4	2	2	4	0	3
AT1G29900.1	1	143	149	108	124	72	131
AT5G12040.1	1	8	7	6	3	2	5
AT2G38040.1	1	20	16	5	23	15	6
ATCG00500.1	1	2	2	2	6	2	1
AT1G21440.1	1	4.6	9	7.8	3	7	11
AT4G19170.1	1	6	5	4	6	1	11
AT4G35090.1	1	4.5	1.6	1.4	3.9	0	0
AT1G20620.1	1	14.5	19.4	9.6	16.1	30	17
AT2G38270.1	1	17	16	17	22	6	18
AT4G36910.1	1	3	1	5	1	0	1
AT4G34120.1	1	21	22	26	19	13	21
AT1G49650.1	1	0	0	3	0	2	2
ATCG00120.1	1	41	32	44	35	34	47
ATCG00480.1	1	45	25	42	51	30	48
AT4G09650.1	1	14	8	18	17	16	22
ATCG00470.1	1	0	0	0	7	2	3
AT4G04640.1	1	11	3	9	7	4	5
AT3G20330.1	1	12	15	9	9	4	6
AT4G24770.1	1	68	36	47	58	30	46
AT1G67840.1	1	0	2	0	0	0	1
AT3G29200.1	1	0	2	4	0	0	0
AT1G48850.1	1	11	12	11	14	5	8
AT5G05010.1	1	0	1	0	0	0	1
AT5G15450.1	1	41	25	27	39	27	29
AT5G51070.1	1	7.2	3.2	5	8.3	4.5	6.1
ATCG00670.1	1	22	20	28	21	17	28
AT1G66670.1	1	12	7	10	18	3	9
AT5G45390.1	1	88	54	67	87	37	89
AT1G02560.1	1	62	68	77	64	32	33
AT1G11750.1	1	20	26	27	24	29	22
AT1G49970.1	1	15	12	13	19	11	11
AT1G12410.1	1	11	14	16	14	23	15
AT1G09130.1	1	31	20	21	33	24	21
AT4G17040.1	1	11	14	12	17	11	11
AT4G25370.1	1	30	23	25	34	38	38
AT4G12060.1	1	31	23	28	26	25	38
AT4G01940.1	1	0	0	0	0	0	0
AT5G49940.1	1	0	0	0	0	2	0
AT2G21390.1	1	3	0	0	3	4	3
AT2G42540.1	1	0	0	2	2	0	0
AT2G42530.1	1	0	0	1	3	1	1
AT2G28190.1	1	12	32	32	14	17	21
AT1G03475.1	1	50	55	53	18	30	33
AT3G62410.1	1	0	0	1	1	3	3
AT2G47400.1	1	0	2	1	0	0	0
AT4G24280.1	1	129.5	108.4	115.6	112.1	109	118.9
AT5G49910.1	1	123.5	78.6	106.4	104.9	89	111.1
AT2G04030.1	1	79	80	52	105	77	85
AT2G44650.1	1	6	13	11	8	3	3
AT3G60210.1	1	0	0	0	0	0	0
AT5G20720.1	1	59	68	60	55	42	42
AT3G23990.1	1	0	0	1	1.5	3	1.5
AT2G33210.1	1	0	0	0	1.5	0	1.5
AT2G28000.1	1	232	195	229.7	144	146	261
AT1G26230.1	1	0	0	0	0	0	3
AT4G01800.1	1	25	41	23	52	34	61
AT2G47450.1	1	3	1	0	6	4	3
AT5G03940.1	1	10	4	3	15	7	6
AT4G26500.1	1	6	7	2	4	5	4
AT3G05350.1	1	19	18	22	18	17	26
AT5G52100.1	1	3	1	1	3	0	0
AT1G51100.1	1	7	11	14	13	3	2
AT2G47910.1	1	11	10	7	16	17	17
AT1G12520.1	1	1	6	10	5	8	2
AT3G57050.1	1	2	6	2	8	6	8
AT3G01120.1	1	3	4	8	4	1	7
AT2G43750.1	1	159	149	159	91	85	96
AT3G61440.1	1	4	3	4	1	2	3
AT4G14880.1	1	6	6	10	7	3	1
AT2G31170.1	1	2	3	7	1	1	4
AT4G20960.1	1	2	0	0	2	0	0
AT1G31800.1	1	0	1	0	0	0	0
AT1G17745.1	1	0	0	0	0	0	4.6
AT4G34200.1	1	53.1	53.5	49.1	38.4	26.2	44.1
AT3G19480.1	1	14.9	17.5	13.9	15.6	17.8	27.4
AT2G33430.1	1	2	0	0	1	0	1
AT3G08840.2	1	0	0	0	0	0	2
AT3G46630.1	1	0	4	3	1	0	0
AT1G59990.1	1	1	0	2	2	2	5
AT5G08610.1	1	1	1	0	2	2	0
AT5G26742.2	1	18	27	9	17	24	14
AT1G70070.1	1	8	8	0	8	12	11
AT5G35970.1	1	32	40	33	23	15	32
AT1G45230.1	1	0	2	1	2	1	2
AT3G27925.1	1	19	20	20	24	14	18
AT2G47940.1	1	16	19	25	12	10	24
AT4G18370.1	1	1	1	3	2	1	3
AT5G39830.1	1	1	1	2	4	2	3
AT1G76180.1	1	1	0	0	6	4	1
AT1G19570.1	1	3	3	2	7	9	6
AT5G16710.1	1	34	32	33	42	32	43
AT3G06350.1	1	11	12	14	6	10	14
AT2G39800.1	1	0	0	0	0	0	0
AT5G62530.1	1	0	1	0	0	0	1
AT1G43670.1	1	0	0	0	2	0	0
AT3G14390.1	1	8	5	3.7	3	0	3
AT5G11880.1	1	0	0	7.3	3	10	9
AT3G53580.1	1	14	17	14	6	8	8
AT1G35420.1	1	10	7	9	7	2	0
AT2G45440.1	1	0	0	0	3	0	0
AT4G22930.1	1	11	13	7	8	6	5
AT3G17810.1	1	7	3	3	9	1	4
AT3G23940.1	1	31	39	33	24	30	37
AT5G64860.1	1	13	12	19	10	9	16
AT1G53280.1	1	3	2	2	4	3	7
AT1G14410.1	1	0	0	0	0	1	2
AT4G28440.1	1	1	0	0	2	2	2
AT4G20260.1	1	1	0	0	0	6	0
AT4G03200.1	1	0	0	0	1	1	2
AT3G25860.1	1	5	6	2	7	10	5
AT4G16155.1	1	2	0	0	5	2	0
AT1G48030.1	1	6	7	10	5	6	4
AT5G19510.1	1	2	0	3	7	2	0
AT1G56070.1	1	30	31	28	39	25	16
AT3G08740.1	1	22	29	39	32	25	22
AT5G13650.1	1	20	23	21	28	26	30
AT4G20360.1	1	196	203	188	282	112	269
AT5G08650.1	1	9	5	2	3	8	4
AT1G62750.1	1	111	110	98	123	86	112
AT3G20390.1	1	15	17	12	17	15	12
AT2G36530.1	1	0	2	1	8	3	0
AT2G05990.1	1	85	112	94	58	45	72
AT4G29010.1	1	0	0	0	2	0	0
AT5G57870.1	1	0	1	0	0	0	1
AT1G26630.1	1	1	1	1	6	0	1
AT1G53520.1	1	9	17	8	15	12	12
AT3G63170.1	1	3	2	1	15	7	8
AT1G32550.1	1	0	0	0	0	2	1
AT4G14890.1	1	0	0	1	2	0	0
AT2G41220.1	1	24.5	14.2	6.6	36.2	12.7	17
AT5G04140.1	1	604.5	338.8	483.4	591.8	428.3	525
AT5G08410.1	1	11	8	12	13	16	13
AT2G04700.1	1	4	0	2	1	2	1
AT5G23440.1	1	5	5	3	4	2	2
AT5G01600.1	1	3	1	0	7	1	0
AT3G56090.1	1	4	2	1	6	0	0
AT2G40300.1	1	4	1	0	7	4	2
AT4G04020.1	1	10	0	10	12.3	3	9.9
AT4G22240.1	1	0	0	0	15.7	3	11.1
AT2G35490.1	1	3	2	2	4	1	8
AT3G23400.1	1	9	4	2	4	6	8
AT5G09820.1	1	0	0	0	2	0	1
AT5G19940.1	1	0	0	0	1	2	2
AT3G58010.1	1	11	1	4	17	0	8
AT2G42130.3	1	18	17	22	26	23	29
AT2G46910.1	1	2	3	4	6	1	5
AT4G39710.1	1	2	0	0	0	0	1
AT2G43560.1	1	10	20	13	18	21	25
AT1G32220.1	1	2	4	4	5	1	6
AT1G79790.1	1	0	0	0	8	2	0
AT5G66190.1	1	50.5	35.4	42.9	52.8	40.6	42.3
AT1G20020.1	1	52.5	50.6	45.1	67.2	36.4	51.7
AT1G74260.1	1	57	48	39	74	38	75
AT1G66520.1	1	3	3	3	2	3	2
AT3G54050.1	1	59	70	41	90	65	75
AT3G52930.1	1	0	0	0	1	5	1
AT4G26530.1	1	1	1	2	2	5	2
AT2G21330.1	1	160.8	151.4	215.7	114.2	117.8	170.8
AT4G38970.1	1	527.1	565.9	631.5	277.8	277.2	380.2
AT2G01140.1	1	16.1	19.8	16.9	14	9	13
AT2G36250.1	1	3	4	3	4.8	6	7.1
AT3G52750.1	1	3	0	0	7.2	0	12.9
AT4G23100.1	1	13	14	6	24	19	26
AT4G28030.1	1	0	1	0	0	0	0
AT1G26220.1	1	4	0	3	3	6	4
AT1G32070.1	1	0	0	0	1	0	0
AT4G36810.1	1	17	24	29	26	8	22
AT4G38460.1	1	10	7	7	5	1	4
AT5G35790.1	1	15	16.8	17	12	18	27
AT4G24620.1	1	47	56	56	38	35	60
AT2G13440.1	1	2	0	2	2	1	4
AT2G37500.1	1	7	8	5	7	8	5
AT5G63570.1	1	37.7	38	35	61.9	44	43.4
AT3G48730.1	1	58.4	56	54	64.1	54	47.6
AT5G35630.1	1	351.9	271	292	280	215	245
AT1G48470.1	1	1	0	0	2	0	0
AT5G64050.1	1	11	11	7	7	7	5
AT3G17820.1	1	7.1	0	0	0	1	0
AT3G54900.1	1	0	1	2	3	1	0
AT4G28730.1	1	4	3	4	3	4	11
AT2G20270.1	1	5	3	6	6	4	5
AT2G25080.1	1	51	23	52	59	24	43
AT4G11600.1	1	0	0	0	2	6	4
AT2G29450.1	1	1	0	2	3	2	2
AT2G30860.1	1	17	26	19	25	26	21
AT5G27380.1	1	0	0	0	1	0	0
AT1G78370.1	1	5	11	5	6	17	15
AT1G78380.1	1	9	6	5	13	16	15
AT2G47730.1	1	19	22.7	11	25	15	24
AT2G30870.1	1	3	5	1	7	8	8
AT3G54660.1	1	14	19	23	11	14	16
AT3G55040.1	1	22	18	16	21	7	21
AT3G25660.1	1	1	3	2	3	0	1
AT1G48520.1	1	15	13	19	15	22	32
AT3G48110.1	1	69	72	86	62	52	87
AT1G42970.1	1	214	229	195.7	276.3	153.6	201.7
AT1G80380.2	1	51	44	38	33	28	28
AT1G32200.1	1	4	7	2	5	2	2
AT1G32470.1	1	2	0	0	5.7	6.9	2
AT1G11860.1	1	10	10	13	18	14	13
AT2G35370.1	1	1	0	0	4.3	8.1	4
AT4G33010.1	1	66.9	77.8	87.4	55.8	56.1	67.5
AT2G26080.1	1	17.1	12.2	22.6	13.2	15.9	17.5
AT4G32520.1	1	1	1	3	4	0	1
AT4G37930.1	1	12	11	11	15	16	3
AT4G38680.1	1	0	1	0	0	0	0
AT2G21660.1	1	2	2	0	2	6	3
AT3G14415.1	1	11	19.5	12	31.6	19	15.8
AT3G14420.1	1	21.1	11.5	12	20.4	37	17.3
AT5G36890.1	1	0	0	1	0	0	0
AT1G63770.3	1	106	96	92	88	62	116
AT1G67280.1	1	28.9	23	30	32.8	23	27
AT1G08110.1	1	0	9	0	3	2	3
AT1G11840.1	1	2.1	0	1	4.2	0	1
AT3G25530.1	1	4	1	2	9	6	4
AT1G17650.1	1	29	24	27	40	29	37
AT5G17710.1	1	30	30	28	17	24	24
AT1G36390.1	1	5	3	1	7	3	4
AT1G56050.1	1	2	2	2	6	3	8
AT3G43300.1	1	0	0	0	3	0	1
AT5G53850.2	1	6	3	7	13	0	8
AT2G33255.1	1	0	0	0	1	1	0
AT4G11570.1	1	0	0	0	2	2	2
AT5G10460.1	1	1	0	1	3	0	0
AT2G25870.1	1	7	2	5	4	2	6
AT1G14310.1	1	2	2	0	2	0	0
AT1G56500.1	1	4	4	5	6	4	8
AT3G48420.1	1	54	40	47	31	32	29
AT4G39970.1	1	22	22	23	32	12	21
AT3G24430.1	1	3	5	9	7	7	6
AT5G23120.1	1	67	66	73	44	42	37
AT1G16720.1	1	23	29	29	15	21	25
AT2G26670.1	1	12	6	7	11	3	8
AT3G46970.1	1	0	0	0	4.6	0	0
AT1G09340.1	1	171	184	119	106	77	88
AT5G63890.1	1	1	3	6	10	3	9
AT3G46100.1	1	7	4	2	4	4	3
AT5G42310.1	1	2	2	1	3	1	1
AT2G17265.1	1	15	19	16	9	11	9
AT4G10750.1	1	3	3	2	1	0	0
AT1G52510.1	1	19	13	9	8	6	5
AT1G06130.1	1	3	4	2	2	2	2
AT5G08280.1	1	60	71	68	40	45	67
AT1G68010.1	1	13	12	9	15	15	3
AT5G49030.1	1	51	49	55	40	26	39
AT4G26900.1	1	5	1	6	10	10	14
AT4G26555.1	1	9	0	3	10	3	7
AT3G55760.1	1	2	0	0	0	0	2
AT5G53480.1	1	0	0	0	5	2	3
AT5G48220.1	1	2	1	1	4	0	0
AT2G04400.1	1	0	10	6	9	10	9
AT5G09650.1	1	55	47	65	44	51	54
AT1G31190.1	1	12	15	16	12	13	13
AT4G05090.1	1	1	1	3	0	0	0
AT4G39120.1	1	9	3	4	8	1	1
AT3G12930.1	1	3	3	3	6	10	6
AT5G23310.1	1	5	3	5	7	2	1
AT4G25100.1	1	33	26	5	26	14	6
AT5G51100.1	1	8	4	7	3	0	4
AT2G39930.1	1	2	1	0	2	4	1
AT1G03310.1	1	0	0	0	1	2	1
AT4G09020.1	1	14	7	10	19	9	10
AT5G14590.1	1	9	4	5	6	1	5
AT5G03290.1	1	0	0	0	2	0	0
AT1G77060.1	1	3.4	2	2.2	2	0	0
AT4G19830.1	1	0	0	0	5	4	2
AT3G60370.1	1	3	0	2	13	4	11
AT1G20810.1	1	1	0	0	4	0	0
AT3G10060.1	1	0	0	0	2	2	1
AT5G13410.1	1	21	18	16	38	16	20
AT5G16440.1	1	3	0	0	2	0	0
AT3G02780.1	1	0	0	0	2	0	5
AT4G13430.1	1	22	18	20	14	13	16
AT2G43100.1	1	0	5.7	4.9	1	0	1
AT2G43090.1	1	15	11.3	11.1	8	9.4	6.8
AT3G16420.1	1	1	5	3	2	0	0
AT2G22360.1	1	0	1	2	0	3	0
AT5G46290.1	1	14	10	8	29	20	23
AT3G58610.1	1	122	166	196	86	80	114
AT5G57040.1	1	8	10	7	6	9	3
AT1G07890.1	1	5	4	4	9	1	7
AT2G44060.1	1	0	0	0	0	1	1
AT5G45170.1	1	26	14	25	26	12	26
AT2G01210.1	1	24	33	40	22	6	5
AT4G30920.1	1	11	8	3	11.7	5	6
AT4G30910.1	1	0	0	0	1.3	0	4
AT4G04350.1	1	33	21	24	26	20	38
AT1G09620.1	1	4	4	5	5	2	7
AT3G02870.1	1	0	0	1	3	0	0
AT3G54890.1	1	4	7	2	1	0	0
AT3G61470.1	1	0	4	0	0	2	0
AT1G61520.1	1	1	0	0	0	2	0
AT3G47470.1	1	4	11	3	8	5	0
AT5G01530.1	1	2	2	0	0	0	0
AT3G08940.2	1	0	0	0	0	0	0
AT4G10340.1	1	4	1	0	2	2	0
AT1G15820.1	1	6	8	7	2	2	0
AT3G26740.1	1	1	1	0	0	1	1
AT3G01510.1	1	1	4	2	2	1	7
AT4G13550.1	1	10	6	6	7	3	14
AT3G45140.1	1	341	338	247	297	173	216
AT1G73060.1	1	11	6	9	7	8	10
AT5G65620.1	1	23	22	29	37	28	23
AT5G01650.1	1	2	2	2	2	2	2
AT5G66550.1	1	2	4	2	2	4	3
AT1G70890.1	1	7	9	9	9	11	8
AT3G26450.1	1	0	0	0	1	1	0
AT3G47520.1	1	55.9	53.3	37.8	30.9	32.4	45.3
AT5G58330.1	1	53	49	57	60	44	37
AT1G04410.1	1	11	13	12	11	11	4
AT5G09660.1	1	26	12	7	22	16	2
AT2G30200.1	1	44	36	50	46	20	35
AT3G10920.1	1	1	5	2	4	6	8
AT1G79230.1	1	6	7	8	3	2	2
AT2G23820.2	1	0	0	0	0	0	4
AT1G53670.1	1	2	2	2	2	5	5
AT1G13270.1	1	6	2	2	2	5	2
AT4G25130.1	1	9	6	11	11	15	14
AT4G21860.1	1	0	0	0	7	0	0
AT3G03780.1	1	5.6	11.8	7.4	23.4	11.1	17.3
AT3G59970.3	1	0	1	3	0	0	2
AT4G29590.1	1	3	3	1	5	0	2
AT3G55400.1	1	14	12	18	10	7	14
AT1G08520.1	1	8	17	16	18	28	24
AT5G13630.1	1	25	17	14	4	57	36
AT5G24020.1	1	3	0	2	4	2	1
AT3G63540.1	1	15	26	30	21	20	21
AT1G63940.1	1	21	30	23	45	34	34
AT3G52880.1	1	0	0	0	0	2	1
AT1G11430.1	1	15	23	17	27	14	24
AT2G34620.1	1	0	0	0	0	2	0
AT4G09620.1	1	4	1	2	2	2	3
AT1G63680.1	1	0	2	0	0	0	0
AT1G52410.1	1	0	2	1	0	1	5
AT5G25980.2	1	3	6	1	5	2	3
AT3G57560.1	1	13	16	16	28	10	19
AT2G19940.1	1	26	26	21	26	17	19
AT5G50210.1	1	0	0	0	1	0	0
AT5G53460.1	1	40	77	93	79	104	97
AT1G21640.1	1	4	1	0	2	2	1
AT1G65930.1	1	2	1	0	5	2	5
AT1G23740.1	1	66	70	55	31	43	53
AT3G27890.1	1	16	24	22	18	12	8
AT1G79870.1	1	0	0	0	1	0	1
AT5G11670.1	1	1	0	0	1	0	1
AT3G12390.1	1	0	0	0	2.7	0	0
AT1G17880.1	1	2	3	2	1	1	0
AT1G73230.1	1	0	0	7	0	0	0
AT5G13850.1	1	0	1	0	1.3	0	0
ATCG01110.1	1	11	6	9	9	1	1
ATCG00420.1	1	11	6	9	10	8	4
ATCG00430.1	1	0	0	0	0	0	0
AT4G37925.1	1	2	2	3	0	0	1
AT5G58260.1	1	1	0	0	3	2	2
AT1G74880.1	1	5	1	3	6	3	4
AT4G09320.1	1	2	2	6	14	13	12
AT5G63310.1	1	16	12	16	16	22	27
AT4G11010.1	1	3	2	2	5	8	0
AT3G05900.1	1	0	2	0	9	1	0
AT3G44310.1	1	0	0	0	3	2	0
AT2G15620.1	1	75	72	81	64	65	83
AT2G03440.1	1	0	0	0	0	0	0
AT2G24270.1	1	0	0	1	2	3	2
AT4G12720.1	1	1	0	0	1	0	0
AT5G19460.1	1	7	6	8	0	0	6
AT3G56650.1	1	26	38	21	33	20	25
AT1G76450.1	1	9	9	13	13	10	14
AT4G15510.1	1	3	4	3	6	3	5
AT3G55330.1	1	6	9	7	6	4	6
AT1G77090.1	1	17	19	17	16	11	15
AT5G11450.1	1	4	2	2	4	0	2
AT1G34000.1	1	0	0	0	1	0	0
AT1G75330.1	1	14	19	20	16	11	12
AT3G48990.1	1	0	1	0	2	0	2
AT1G15140.1	1	31	21	24	30	21	27
AT4G33520.2	1	3	0	1	0	0	0
AT5G21930.1	1	3	0	1	0	1	1
AT2G48120.1	1	0	0	0	0	0	0
AT1G72150.1	1	2	1	0	0	9.5	0
AT4G23670.1	1	12	8	12	9	16	10
AT5G19820.1	1	0	3	4	5	3	6
AT3G62530.1	1	10	4	8	9	8	11
AT1G76100.1	1	4	4	3	6	2	2
AT2G38230.1	1	0	0	0	0	6	4
AT5G13230.1	1	0	0	0	0	1	2
AT1G74850.1	1	0	0	1	3	0	0
AT3G49140.1	1	0	0	0	0	0	0
AT5G46580.1	1	1	0	0	0	1	1
AT5G53490.1	1	33	24	26	28	38	32
AT1G15390.1	1	1	0	0	2	0	1
AT4G34870.1	1	1	1	1	4	2	0
AT5G35100.1	1	11	7	9	12	8	17
AT3G15520.1	1	4	4	4	4	3	3
AT2G16600.1	1	6	3	5	6	5	7
AT5G13120.1	1	19	20	16	16	17	20
AT3G62030.1	1	431	277	369	397	273	344
AT1G33330.1	1	1	1	0	2	4	2
AT3G52960.1	1	68	41	34	61	47	70
AT3G06050.1	1	2	2	2	2	5	4
AT3G26060.1	1	41	36	31	40	30	32
ATCG00540.1	1	1	0	0	2	0	0
ATCG00720.1	1	1	0	0	2	2	0
AT4G03280.1	1	6	3	4	14	3	2
AT1G66430.1	1	41	51	39	26	17	19
AT1G17160.1	1	3	2	4	5	3	4
AT1G69200.1	1	0	1	0	0	0	0
AT4G28706.2	1	5	1	1	3	3	3
AT5G37850.1	1	1	0	0	1	0	1
AT3G21200.1	1	2	4	8	13	2	2
AT3G58140.1	1	18	16	23	17	11	11
AT1G74030.1	1	1	0	0	3	0	1
AT5G26570.1	1	76	60	43	75	62	88
AT1G70730.1	1	1	0	1	4.5	2	6
AT1G70820.1	1	20	28	29	25	27	45
AT1G23190.1	1	0	0	0	2.5	0	0
AT5G17530.1	1	20	10	21	8	8	8
AT1G79550.1	1	1.2	0	0	2.5	2.1	0
AT3G12780.1	1	694.6	653.1	662.9	739.7	477.2	566.1
AT1G56190.1	1	113.3	91.9	108.1	115.8	85.7	122.9
AT5G62840.1	1	4	2	3	4	0	2
AT3G15730.1	1	0	0	0	1	0	0
AT4G21210.1	1	12	11	17	11	9	7
AT1G09830.1	1	7	5	6	7	4	8
AT2G37690.1	1	2	2	4	4	3	9
AT1G31860.1	1	9	4	6	13	4	7
AT2G36230.1	1	1	0	0	1	1	1
AT3G55010.1	1	16	14	10	12	5	12
AT1G32060.1	1	136	140	131	181	97	102
AT4G35630.1	1	8.9	8.8	7	11.8	5.4	4.3
AT2G17630.1	1	3.1	2.2	3	2.2	4.6	5.7
AT3G47390.1	1	2	0	0	0	1	0
AT3G15840.1	1	1	0	2	1	2	2
AT4G01900.1	1	6	4	6	12	9	9
AT2G14260.1	1	0	2	1	2	1	1
AT5G55280.1	1	18	18	15	17	10	12
AT5G51820.1	1	53	47	72	44	43	56
AT1G24360.1	1	31	19	19	23	17	18
AT1G01090.1	1	7	4	2	7	3	2
AT1G20340.1	1	14	26	43	49	38	40
AT1G03630.1	1	0	0	0	0	4	0
AT1G69740.1	1	20	26	12	26	16	19
AT3G59400.1	1	3	7	5	4	6	2
AT1G80480.1	1	5	4	2	10	5	6
AT2G19760.1	1	0	0	1	1	0	0
AT4G29350.1	1	2	0	2	5	3	0
AT1G31160.1	1	2	2	3	8	5	8
AT4G33500.1	1	9	7	9	9	7	10
AT3G44620.1	1	16	22	26	13	10	18
AT3G10940.1	1	4	4	2	2	0	1
AT2G16950.1	1	0	0	0	1	1	2
AT3G52180.1	1	2	0	1	0	3	0
ATCG00340.1	1	0	0	0	3	0	0
AT4G28750.1	1	8.6	7.8	5.1	5.6	7.5	14
AT2G20260.1	1	4.4	2.2	3.9	4.4	5.5	3
AT1G31330.1	1	5	0	0	5	4	0
AT4G12800.1	1	2	0	0	3	2	0
AT1G05385.1	1	5	3	2	3	0	4
ATCG00020.1	1	0	0	0	0	0	0
ATCG00680.1	1	0	0	0	13	0	0
ATCG00280.1	1	2	0	0	6	1	0
ATCG00270.1	1	0	0	0	0	0	0
AT5G66570.1	1	53.8	44.5	38.6	55.9	37	40.8
AT3G50820.1	1	57.2	25.5	39.4	59.1	37	50.2
AT2G28605.1	1	10	5	8	9	7	12
AT1G06680.1	1	240	236	208	243	138	163
AT4G21280.1	1	105.4	53.9	50.8	90	56.7	42.3
AT4G05180.1	1	256.6	150.1	225.2	279	157.3	191.7
AT3G01440.1	1	0	0	1	6	1	3
AT1G44575.1	1	2	1	0	0	2	0
AT4G28660.1	1	2	0	1	0	1	1
AT2G30170.1	1	8	9	9	12	3	6
AT1G03600.1	1	5	8	7	9	2	5
AT5G24490.1	1	23	18	17	26	13	20
AT3G52150.1	1	19	16	16	13	19	20
AT1G68590.1	1	32	22	30	33	20	26
AT5G15760.1	1	0	0	0	0	0	0
AT2G38140.1	1	1	1	1	0	0	0
AT3G56910.1	1	11	2	7	4	6	6
AT5G17870.1	1	0	0	0	2	0	0
AT4G29060.1	1	140	104	132	171	152	208
AT5G04360.1	1	19	8	14	9	2	8
AT3G21110.1	1	3	2	1	0	0	0
AT5G65840.1	1	1	5	0	0	3	5
AT1G48420.1	1	3	2	2	2	1	1
AT3G15690.2	1	4	2	3	6	2	2
AT5G58770.1	1	0	1	3	5	3	2
AT3G63190.1	1	31	34	22	29	21	23
AT2G35410.1	1	15	19	16	21	9	14
AT4G11980.1	1	0	0	0	3	0	0
AT5G50850.1	1	2	4	3	1	2	1
AT1G32440.1	1	0	0	0	0	0	1.1
AT3G22960.1	1	41	43	41	29	36	54
AT5G52920.1	1	46	51	44	30	22	35.9
AT4G15530.1	1	8	2	5	5	1	11
AT2G01350.1	1	2	3	1	1	3	2
AT5G47870.1	1	8	7	3	6	3	7
AT3G63140.1	1	81	103	67	32	46	42
AT5G19855.1	1	2	1	0	7	1	2
AT4G37000.1	1	41	27	46	37	23	39
AT5G19370.1	1	2	0	1	5	2	6
AT5G59750.1	1	0	0	0	1	0	5.6
AT2G22450.1	1	1	0	2	0	0	0
AT2G20690.1	1	1	1	2	2	4	3
AT3G04790.1	1	125	129	125	83	67	133
AT5G44520.1	1	1	1	1	3	2	2
AT2G44530.1	1	1	3	1	0	0	0
AT4G34730.1	1	0	0	0	0	0	1
AT3G61080.1	1	4	2	3	1	0	0
AT5G61410.1	1	129	156	158	148	60	117
AT4G39040.1	1	4	2	4	3	2	2
AT3G53460.1	1	25.1	30	25	21	18	12
AT2G37220.1	1	50.9	52	48	33	22	33
AT4G09040.1	1	12	11	13	12	5	7
AT1G73530.1	1	0	0	0	1	0	0
AT1G60000.1	1	4	3	2	4	2	4
AT1G01080.1	1	9	7	9	12	9	7
AT3G52380.1	1	27	26	27	22	12	14
AT4G16390.1	1	9	10	4	10	11	9
AT1G53120.1	1	0	0	1	1	0	1
AT5G63420.1	1	28	18	11	19	28	33
ATCG00190.1	1	9	5	8	8	6	1
ATCG00180.1	1	1	0	0	0	0	0
ATCG00170.1	1	4	0	0	2	4	2
AT1G16445.1	1	0	0	0	0	2	0
AT2G39730.1	1	636	592	554	998	554	702
ATCG00490.1	1	1648	1816	1654	1876	1621	1599
AT1G14030.1	1	2	4	4	6	2	6
AT5G38430.1	1	70.2	73.6	96.6	85.9	65.6	97.9
AT1G67090.1	1	295.1	475	309.2	386.1	214.1	276.7
AT1G12800.1	1	12	8	9	12	8	10
AT3G23700.1	1	10	15	13	6	13	12
AT2G31660.1	1	0	0	1	0	1	0
AT4G13940.1	1	1	1	2	3	0	1
AT3G17390.1	1	0	0	0	3	2	4
AT3G04260.1	1	9	0	3	6	2	0
AT1G22530.1	1	0	1	0	0	1.5	0
AT3G55800.1	1	141	155	138	80	84	84
AT5G36210.1	1	0	1	2	0	2	1
AT1G11870.1	1	0	3	3	1	0	0
AT5G14260.1	1	9	10	12	21	14	20
AT3G26900.1	1	2	3	3	0	3	8
AT2G35500.1	1	13	11	14	12	4	6
AT2G30695.1	1	1	2	0	3	2	2
AT1G50170.1	1	7	4	4	6	2	3
AT1G17050.1	1	7	8	4	8	3	9
AT5G03650.1	1	12	16	17	29	17	16.6
AT3G29320.1	1	133	142	141	138.4	92	142
AT5G24300.1	1	23	18	23	15	18	32
AT3G01180.1	1	0	0	0	1	0	0
AT1G11720.1	1	11	11	17	16	8	17
AT1G32900.1	1	0	3	3	0	2	3
AT4G18240.1	1	0	1	0	0	4	5
AT4G08390.1	1	53	34	31	46	21	29
AT5G42390.1	1	35	30	31	38	28	79
AT4G20850.1	1	30	14	19	53	23	30
AT2G20420.1	1	0	0	0	0	3	1
AT1G32500.1	1	0	0	0	2	0	1
AT5G04590.1	1	40	51	43	35	37	54
AT3G16640.1	1	1	2	2	5	2	0
AT4G00620.1	1	0	3	1	3	3	3
AT1G01320.1	1	0	0	0	0	3	0
AT2G20890.1	1	27	9	5	14	12	6
AT5G54770.1	1	20	51	66	32	63	69
AT2G29630.1	1	5	12	17	1	14	13
AT1G68260.1	1	0	0	0	0	1	0
AT5G26000.1	1	12	9	3	21	9	13
AT1G76080.1	1	33	32	35	39	35	41
AT3G02730.1	1	8	10	10	8	7	6
AT5G16400.1	1	0	1	0	0	0	1
AT1G07700.1	1	5	0	0	4	2	7
AT5G04260.1	1	3	2	3	2	0	0
AT5G42980.1	1	0	0	0	3	2	0
AT1G03680.1	1	11	19	13	14	18	14
AT4G03520.1	1	7	9	8	6	7	5
AT3G15360.1	1	7	2	13	8	16	13
AT1G50320.1	1	3	3	3	5	2	4
AT1G43560.1	1	5	2	2	6	3	4
AT4G29840.1	1	29	28	23	23	14	25
AT2G04842.1	1	12	4	8	12	6	11
AT2G47390.1	1	79	67	87	67	26	58
AT5G52970.1	1	3	2	0	4	5	4
AT4G24930.1	1	5	5	5	8	5	9
AT1G54780.1	1	3	4	1	2	0	0
AT1G12250.1	1	5	0	0	6	3	4
AT2G44920.2	1	15	9	24	24	18	17
AT4G02530.1	1	9	8	6	12	13	11
AT3G18890.1	1	0	0	0	0	0	0
AT4G09010.1	1	0	3	0	4	2	2
AT3G01480.1	1	45	35	22	58	37	29
AT5G46110.1	1	0	0	0	0	4	0
AT1G12230.1	1	15	10	2	17	14	6
AT5G13420.1	1	12	12	5	11	12	10
AT4G30690.1	1	0	0	0	7	0	0
AT2G24060.1	1	10	5	4	5	11	0
AT1G17220.1	1	40	25	23	28	40	46
AT5G55220.1	1	27	18	26	31	23	31
AT2G21170.1	1	133.9	100.8	120.9	90.5	79.3	99.7
AT3G55440.1	1	5.1	8.2	7.1	10.5	8.7	9.3
AT3G59980.1	1	14	10	12	10	7	5
AT3G02660.1	1	2	2	0	8	1	5
AT4G33760.1	1	14	10	5	8	9	19
AT3G13490.1	1	1	5	4	3	6	12
AT5G52520.1	1	11	10	9	11	8	14
AT2G25840.1	1	9	8	6	8	2	2
AT5G38530.1	1	1	0	0	2	0	0
AT3G54640.1	1	16	18	17	24	8	11
AT5G54810.1	1	7	6	7	7	4	7
AT3G15950.1	1	23	70	23	13	32	62
AT2G30110.1	1	0	0	0	0	0	2
AT4G33030.1	1	1	0	0	1	0	1
AT2G21620.1	1	0	0	0	2	0	0
AT5G47860.1	1	0	0	0	3	1	3
AT3G29240.1	1	0	1	2	0	0	0
AT3G59870.1	1	12.8	27.5	27.3	25	12.4	13.5
AT2G43945.1	1	24.2	27.5	28.7	31	24.6	22.5
AT1G67700.1	1	12	7	8	9	17	8
AT2G26340.1	1	0	0	0	0	0	2
AT4G01650.1	1	0	0	0	1	0	2
AT5G52960.1	1	0	0	0	0	1	2
AT1G77122.1	1	0	1	0	0	0	0
AT1G72640.1	1	1	0	0	2	0	0
AT5G41950.1	1	0	0	0	3	1	0
AT5G27560.1	1	0	0	0	0	0	0
AT1G02475.1	1	0	0	0	2	1	1
AT1G15060.1	1	0	0	0	0	3	3
AT2G43180.1	1	1	0	0	1	0	2
AT2G01755.1	1	1	1	0	1	0	0
AT1G07040.1	1	3	2	0	3	0	0
AT2G36145.1	1	2	1	2	0	2	5
AT1G32160.1	1	3	2	1	3	0	0
AT5G63100.1	1	2	3	2	4	0	2
AT2G31890.1	1	2	2	2	3	0	3
AT1G73090.1	1	2	2	4	3	0	0
AT1G55480.1	1	4	3	2	3	0	3
AT5G04440.1	1	3	1	2	2	6	5
AT2G04039.1	1	4	2	2	2	3	0
AT2G39080.1	1	6	3	5	4	0	0
AT2G41950.1	1	3	4	3	5	2	3
AT4G38225.1	1	9	5	4	0	1	6
AT3G55250.1	1	1	2	0	6	2	8
AT3G29185.1	1	0	1	2	3	5	1
AT4G16060.1	1	3	1	5	8	0	1
AT4G21445.1	1	2	5	2	5	7	6
AT5G51720.1	1	5	1	2	13	9	8
AT1G63610.1	1	8	3	5	12	4	4
AT1G21350.3	1	6	4	4	7	9	8
AT5G13030.1	1	6	6	12	4	12	16
AT2G45990.1	1	11	7	7	10	5	7
AT5G51110.1	1	10	10	5	15	4	11
AT3G04550.1	1	12	9	5	13	11	10
AT5G28500.1	1	10	5	6	9	11	11
AT5G58250.1	1	19	10	11	17	10	10
AT4G34090.1	1	17	19	19	16	6	10
AT2G31670.1	1	12	10	8	17	22	20
AT2G21385.1	1	18	12	17	26	13	23
AT1G16080.1	1	39	31	43	25	17	27
AT2G25605.1	1	0	0	0	0	1	2
AT5G38060.1	1	0	0	0	1	1	1
AT5G40450.1	1	0	0	0	2	4	0
AT3G52155.1	1	11	6	12	7	5	9
AT4G31530.1	1	7	3	4	6	3	4
AT4G30720.1	1	2	2	1	1	1	1
AT5G14910.1	1	12	7	10	10	8	10
AT5G02240.1	1	0	0	0	4	2	2
AT5G42765.1	1	7	5	4	9	5	7
AT4G10300.1	1	0	4	3	0	0	2
AT1G54520.1	1	3	3	2	10	5	13
AT1G62780.1	1	6	15	12	19	16	16
AT3G46780.1	1	6	0	0	0	8	0
AT3G05625.1	1	2	0	1	1	1	2
AT4G13200.1	1	7	2	3	10	0	5
AT3G43540.1	1	5	1	4	8	1	1
AT2G35450.1	1	3	3	4	5	3	7
AT1G27385.1	1	1	1	2	2	3	2
AT4G30620.1	1	0	0	0	2	0	0
AT2G24020.1	1	8	5	7	9	13	15
AT4G01883.1	1	2	0	0	8	2	3
AT2G21530.1	1	6	10	6	11	14	6
AT3G03890.1	1	6	9	9	12	3	7
AT5G27390.1	1	2	0	0	2	2	2
AT3G53900.1	1	37	45	32	51	41	50
AT1G16880.1	1	48	36	40	38	46	54
AT3G14930.1	1	32	19	26	22	14	11
AT2G40490.1	1	55	70	58	48	45	45
AT2G26540.1	1	3	3	0	4	2	3
AT5G66090.1	1	12	7	8	14	11	6
AT4G18810.1	1	15	15	23	12	17	16
AT3G09250.1	1	2	2	2	1	0	0
AT2G03390.1	1	0	0	0	0	0	0
AT5G16715.1	1	26	15	18	16	13	22
AT4G35250.1	1	3	0	0	2	0	0
AT1G08550.1	1	1	3	3	1	0	2
AT1G65260.1	1	8	5	3	12	4	5
AT4G35760.1	1	0	0	0	1	0	0
AT1G10760.1	1	120	80	103	114	117	132
AT2G02740.1	1	2	3	0	2	3	0
AT2G21370.1	1	1	0	0	2	2	5
AT2G25830.1	1	7	6	12	9	4	6
AT5G67030.1	1	1	1	0	1	0	0
AT3G04870.1	1	11	2	2	1	6	8
AT1G29700.1	1	2	2	0	0	3	2
AT5G45030.1	1	0	0	0	0	0	2
